152.780521
17.126034
85.485899
19.876302
353.932965
71.695078
86.689445
55.025054
116.305480
4.659484
637.031854
5.000714
145.689192
396.086525
371.435391
44.271557
0.000000
121.207542
53.559787
212.903297
54.948535
564.286516
153.807806
45.886865
18.784651
21.275854
14.946464
59.531806
8.944265
119.301821
73.326479
23.484928
192.679034
86.344723
42.352234
128.208217
268.012641
52.531857
285.852630
47.739131
2.010488
54.262932
17.843269
297.077455
9.156322
45.667438
3.540817
12.979939
18.563557
7.379676
93.984252
65.095060
24.449763
72.885340
273.210584
46.435701
36.307463
17.137563
55.075169
60.177223
33.800798
112.459077
73.466780
445.179158
73.811434
185.803400
181.510811
61.781079
29.640715
7.450108
126.605217
126.317199
11.531021
226.584496
37.374329
83.956932
34.428296
61.534153
157.785986
62.791370
44.347586
126.683189
22.469309
24.446585
61.390336
70.307660
344.077400
60.261970
118.322375
73.710305
11.641569
86.573995
63.359870
271.327140
15.091950
109.270058
13.836641
34.324639
29.443891
85.348178
14.329659
61.864674
29.563913
119.155740
151.470338
283.285275
610.812163
298.570655
83.556812
26.119105
40.278274
313.656187
42.507000
24.324230
81.302406
46.614876
79.055020
12.048063
36.744634
14.767484
204.221574
245.227761
6.283219
57.419032
237.547408
9.175259
14.073674
145.105060
479.730547
29.713843
93.491717
29.423568
25.022656
23.977568
302.335717
142.774418
36.868712
167.828931
84.312648
3.151226
166.513920
26.434506
178.117688
47.371201
16.275513
76.407974
153.505600
169.532564
68.277793
7.379676
157.970779
43.156168
144.265119
74.192674
13.660538
82.155472
10.496141
77.035280
99.919630
108.804742
85.229446
173.127303
30.145017
215.702693
51.315411
96.277544
18.701088
229.980228
30.890184
105.510941
101.957374
263.034550
61.794736
35.851238
72.525311
70.433294
9.579580
257.716537
27.126628
208.145930
73.938446
25.475131
283.294682
150.545850
160.817139
186.348708
352.447080
104.159215
97.822568
457.333660
159.152892
9.956025
9.736407
18.544520
146.467011
0.000000
86.560445
134.236198
27.795700
259.398783
190.864327
39.645815
59.747251
123.541061
2.409740
70.699687
113.440771
40.021142
5.058809
52.456191
43.352657
88.352883
81.745413
16.159490
24.153098
120.007127
19.070633
673.719741
32.405248
108.236065
122.305728
178.555502
4.176677
68.076459
66.275854
202.418696
39.254245
44.802432
165.039804
38.527788
39.775578
64.290642
703.687227
135.401602
233.672719
88.311983
111.921358
41.545777
36.770602
21.994399
52.362775
209.457157
6.189837
84.325704
12.256319
214.997476
113.638526
17.888683
42.880444
462.484048
10.582215
59.763387
32.635979
82.139229
16.426929
86.629601
205.053733
41.942334
196.118596
74.386148
99.632260
19.210262
284.181094
421.507015
23.550545
26.140585
35.995512
12.634375
11.888936
4.425177
80.794830
54.090265
46.532117
116.630016
7.691380
4.187274
71.321430
19.023878
304.933549
70.896327
30.531066
105.200451
54.103983
7.826552
23.089630
16.737642
42.345909
142.609881
176.591782
45.819926
175.139931
7.482842
19.830162
171.961732
264.244279
96.906809
49.680053
78.287546
7.731569
120.122351
16.729214
134.275953
9.178585
12.712245
115.447508
321.865649
167.658531
0.000000
438.716397
41.606582
52.320549
47.373939
41.443383
42.077124
19.765537
261.854991
72.245650
16.005808
7.944342
210.845308
477.946214
242.018027
140.777663
96.831349
221.641231
18.300092
137.257529
63.528434
211.847428
19.850169
270.830363
57.923940
92.231383
240.974426
47.358916
8.303611
15.239371
107.750426
83.457475
19.312691
101.401129
8.235731
55.884670
84.905539
24.256732
24.762058
136.888376
17.691375
56.471378
81.334261
297.218569
7.379676
29.297361
379.637280
76.365370
16.160943
12.582262
15.215327
67.428868
122.883454
103.850973
24.942127
76.385325
84.951109
24.563670
18.958881
390.045343
49.532091
95.454289
22.718419
0.000000
1.658582
9.438716
14.206025
83.209746
165.873832
163.247364
144.348869
23.305038
113.210353
39.598887
21.062289
29.409228
52.808662
113.450983
57.973045
448.389566
120.116232
19.021642
307.738988
0.000000
35.047947
166.347112
106.244971
44.527232
214.415766
16.388971
50.446241
91.668771
0.000000
13.520868
0.215314
164.229497
555.878689
140.662535
138.470429
84.094313
229.078457
29.582346
516.148157
13.330403
414.173781
18.674068
109.419422
77.038659
298.395519
38.456400
89.428492
103.386627
28.847501
33.565841
55.369381
129.319185
18.239496
39.371381
11.796053
6.593669
95.188367
114.274243
213.183774
152.417137
20.616163
8.014774
124.647663
27.560673
64.302408
144.716878
30.591299
84.594140
73.618208
43.888808
98.813669
26.215428
275.577948
407.064891
19.657912
37.364186
41.864807
16.878108
128.323571
16.142247
17.762004
143.588133
180.948543
57.779130
2.359582
37.699190
66.322481
27.794551
51.139787
634.242239
297.258396
37.984931
58.218267
62.173806
27.438927
202.592977
49.292693
105.260394
15.462557
32.979656
109.224759
638.728879
159.931016
90.540235
25.866414
74.898445
27.973198
118.834093
23.629039
3.719112
9.610513
22.865314
67.598286
22.148633
395.415105
120.958199
24.935701
28.543507
136.332787
90.952461
212.171285
418.594573
23.745975
354.064855
398.928189
10.331536
178.532312
32.939335
64.850325
250.411696
579.698412
7.995484
23.139281
17.270295
436.947263
127.396759
6.213626
23.266071
213.932429
8.003370
45.322087
12.155668
97.424705
17.893409
315.223883
122.291971
72.213084
56.702369
37.274477
43.856817
9.460047
3.598102
50.246432
150.976645
12.011829
251.854202
70.069700
66.761305
73.354496
16.389078
98.787280
104.158193
101.748445
41.840752
21.065981
167.280545
81.376625
27.393440
63.031536
22.305352
326.774966
57.956123
19.822920
285.173823
37.850006
40.833396
25.437761
367.287653
42.138559
48.307093
132.280798
315.385291
103.333010
58.596860
411.192951
143.580355
37.522429
48.980093
325.161898
19.941018
6.163126
17.353338
77.662052
1.700565
7.489732
12.800547
39.071420
53.275439
11.093524
129.684742
54.833470
107.222441
118.675564
199.854349
24.887563
589.371983
155.246872
102.491395
52.078061
0.000000
157.272103
170.830307
28.134925
32.582722
326.315155
14.696716
105.656278
89.913135
66.569320
24.157825
145.724962
176.020535
75.101773
101.113176
250.378281
35.321964
28.656975
355.375185
17.637975
71.657989
229.430990
60.927870
107.048240
98.708716
188.546358
399.214607
238.986638
23.842902
64.087853
54.895241
2.274949
100.316449
42.636920
116.757921
516.734983
9.950849
18.244202
30.578673
23.550020
65.868213
34.919476
36.387899
54.919414
24.288657
659.763840
44.486289
130.171664
103.756142
47.722237
150.722336
283.392023
100.283929
269.888577
204.070777
97.758515
286.568473
53.383094
7.668725
3.630624
257.357231
357.620440
95.649541
96.981514
30.329953
0.000000
187.066924
355.019617
105.537471
123.732355
24.298305
365.103660
9.520552
42.806920
25.126396
121.148004
44.413344
26.623948
65.352949
46.011533
550.227988
2.963003
55.314683
25.089994
77.066793
20.648765
0.000000
80.747207
96.449593
64.840263
31.564384
22.588871
99.614546
81.886118
49.938051
81.538032
17.705692
48.176694
209.349363
7.965839
202.662179
24.515274
64.321087
52.714173
27.070293
16.973648
172.884227
42.399101
8.625322
4.905016
19.053776
68.399502
155.332415
22.841101
191.774275
182.211051
258.782382
166.975628
161.027390
133.606801
53.169597
12.888444
106.245598
346.445184
114.879281
36.371956
21.758685
88.683694
92.242080
100.462877
167.043264
67.771403
119.585804
43.724405
18.712491
262.554239
2.129433
50.335130
12.100727
111.733051
56.064041
178.895863
71.507695
110.265683
40.567324
85.051596
199.750764
71.278188
24.280829
10.176498
0.000000
53.277021
160.135732
167.640358
85.683996
264.157122
256.332803
234.992807
9.542410
6.561644
136.021585
18.447216
54.536984
6.682232
87.138199
34.463185
44.283646
179.868429
5.837181
78.594583
62.649878
119.765251
225.719414
377.617557
100.195498
5.552296
5.933120
11.174101
570.101040
36.916262
320.667959
164.556745
24.505930
101.673792
0.000000
12.231886
7.376455
381.990184
3.576771
42.387133
71.685505
20.866468
259.146535
0.000000
88.140832
33.875952
60.351512
21.592419
443.068262
303.875232
30.863244
47.317386
43.903670
46.835471
73.423355
55.689357
170.939880
180.809215
88.103644
11.995679
8.648940
246.813016
95.478884
295.188891
40.785795
96.230545
49.339024
7.459223
176.594726
37.048015
37.752461
90.029923
123.547602
41.895745
21.129412
222.196296
472.975803
26.808695
58.183948
125.644912
209.156614
202.790055
39.488786
38.701865
117.188137
459.712694
61.450758
2.998958
37.981240
48.954571
490.002865
0.000000
16.998690
12.917577
31.615503
47.978153
345.847501
51.205626
19.718135
98.031754
22.898267
118.057573
47.865929
105.249943
163.224241
9.267720
59.180601
0.000000
137.734845
284.171555
6.616648
39.418800
3.827145
92.101442
59.516246
14.073674
326.930782
78.120335
0.000000
13.332216
169.237327
9.709833
30.203450
0.000000
163.153647
67.764560
171.147402
72.315031
132.679101
37.571368
17.478499
14.710143
25.874752
218.875398
151.592432
214.986010
166.903012
17.264931
36.989920
114.220118
547.566448
22.894946
44.418887
26.762630
44.460465
217.549081
24.016033
209.711351
72.625990
19.250130
68.372053
44.978713
76.280125
28.190291
144.043891
139.192325
23.328551
37.924426
19.695628
70.839010
274.038114
46.814764
159.985557
55.124699
4.685339
653.372616
44.752657
157.893395
217.215550
61.967574
27.099356
19.530124
1.255856
175.688440
174.003156
79.134990
2.835286
37.354444
52.375780
48.116800
74.185397
62.563930
35.373861
1.207086
255.023005
152.171767
128.330779
99.978589
631.715165
0.000000
78.639219
225.933705
25.187260
133.982421
170.298464
162.906273
283.578111
2.711003
219.220460
12.029387
433.492377
20.565509
5.431102
155.509196
62.355612
58.523323
109.007265
37.412246
72.715323
209.045376
0.000000
190.573451
97.351952
30.305955
10.320133
6.255596
187.321198
48.536542
0.000000
321.657602
122.405993
120.639900
36.534194
157.010279
22.470034
73.689120
51.350348
78.028566
250.772031
18.497126
3.979037
616.096934
146.724138
45.160225
18.673136
22.500796
276.392086
66.786649
0.000000
169.840782
80.939063
127.373224
337.583142
194.103811
113.070770
49.566597
259.458410
53.849901
64.828675
493.860211
71.593472
95.106968
227.561223
8.437100
64.498402
174.914907
38.100245
18.054751
101.625029
3.276758
223.260446
32.996461
76.003106
4.527809
120.149563
14.962007
84.573936
23.986729
95.404296
0.000000
160.147391
11.280052
16.483339
27.155723
57.136369
22.838524
25.051268
48.348343
78.555848
33.249747
93.662179
248.305456
91.176078
35.312281
132.839476
236.418078
32.647771
7.695615
44.503961
218.796588
80.664587
42.229775
25.153774
54.253473
28.878110
71.557889
144.927323
83.119359
140.991893
89.021426
24.873503
37.612682
211.410325
28.695762
20.933523
42.718979
142.057575
5.084292
333.118435
91.864829
240.772899
80.819223
60.821751
17.065481
159.303918
35.433338
159.656274
22.148887
7.531943
24.395477
0.000000
105.911855
63.530553
234.793194
34.387478
51.451233
16.079958
141.461818
56.634611
9.850961
85.091482
75.832829
238.168573
43.228688
0.000000
8.614679
28.826867
26.677494
12.693197
89.900959
83.761737
19.975588
43.532519
39.225667
30.705055
304.986212
95.584282
44.024992
149.270869
48.838270
82.894544
307.557174
94.570585
40.528232
48.289928
94.744757
433.112581
68.027378
234.170810
106.424446
47.910652
0.848529
47.638224
28.024876
162.101220
57.376101
50.982448
55.288255
53.876897
0.000000
94.000475
58.577874
21.943384
2.963003
0.000000
66.697515
191.391957
74.759453
269.684249
58.378574
52.837202
131.615618
496.302503
34.413960
17.208441
68.367956
8.072059
116.341905
10.463407
41.320599
2.931010
402.926593
67.440830
127.690079
15.036475
82.154005
28.970097
38.729078
67.509183
62.286742
35.420864
206.216756
62.845175
36.606060
91.720412
268.827177
8.927586
131.946137
179.131442
18.825403
107.528916
167.110885
625.346780
38.191457
354.645298
25.205116
47.483311
24.256468
151.363937
11.623170
62.608234
44.291730
361.571403
131.651230
22.105067
79.007374
427.371611
76.623780
306.537072
7.137966
47.989259
302.184973
36.625609
27.258515
67.539922
10.456699
376.426420
72.573859
90.364857
91.224009
51.772036
9.748543
326.308313
101.000343
313.098777
97.566029
142.292912
237.742303
36.952238
354.232168
55.393887
58.355318
125.752459
35.764900
583.587694
20.248656
7.756120
181.108855
21.248305
63.447494
39.694345
79.916969
204.867437
4.588315
65.138409
53.737622
365.170029
53.906419
29.514337
18.433480
32.381681
66.982368
33.319246
48.152469
42.278723
119.004072
32.264964
2.221518
355.672096
19.181326
156.551943
195.412980
55.361866
32.245159
78.452603
46.110375
409.306570
23.638112
42.311479
367.053168
97.735273
24.160678
80.722748
31.827886
39.727637
37.442633
92.106699
500.611979
34.332816
300.295390
141.641092
39.045883
36.718135
140.382169
21.846431
46.330969
23.075375
179.347691
42.295986
56.579189
13.395989
255.749429
235.571127
79.933995
159.534004
25.982383
140.945848
17.458180
95.673545
280.789457
116.720732
265.596645
162.519031
87.782880
6.025404
113.559692
9.083376
104.040893
174.250913
232.399353
66.366958
81.752367
6.618784
3.859976
13.638390
0.000000
388.650418
129.930125
32.236841
47.865791
98.375441
291.701880
370.739835
35.625596
94.563446
92.826702
83.922892
33.402575
134.932600
17.380608
33.641064
37.866330
22.400254
80.159789
8.738514
98.042097
275.684675
83.744683
30.632179
144.429305
20.534415
40.955478
1.549405
44.349072
530.590128
18.021240
101.402640
138.995546
35.516521
82.913193
64.446584
58.167922
18.059928
300.521726
90.440608
560.200768
313.747716
3.578738
57.375779
115.748469
628.092002
115.477441
75.624672
100.003544
42.331925
46.446548
0.000000
109.253068
89.004351
401.651488
258.050588
608.591332
19.754182
192.892689
159.870865
86.636494
29.204547
190.174798
14.873603
26.870120
46.393752
91.480687
166.892089
54.187538
163.747576
28.829557
19.605129
4.470524
74.183596
256.363923
36.814379
253.706418
89.786951
25.561977
37.684900
4.168609
13.427629
58.451544
288.096298
5.444690
28.691669
53.200438
103.552842
20.785812
159.835187
120.389683
104.402124
74.527894
50.167073
38.443561
24.696080
590.807724
46.127890
131.427460
125.925766
20.875018
653.980343
72.832090
239.104060
25.027183
58.449209
11.999982
75.251132
48.398151
37.780663
222.139404
9.552833
15.949748
180.597848
78.387268
29.420632
18.960923
36.584517
117.548025
228.109923
54.227981
31.177724
34.565847
31.775426
72.522043
173.470837
15.009755
40.111256
229.474348
80.096030
199.603819
17.953914
18.244510
87.841870
260.951717
28.618565
171.355927
25.946213
50.135273
7.273289
147.039360
160.673693
16.652310
26.505626
118.536740
6.687473
240.877491
24.111598
112.256420
5.000714
65.166745
33.532546
39.911852
302.508308
164.924061
0.000000
253.727666
232.472993
18.322414
14.433851
205.707464
194.473438
153.429239
43.741012
30.163799
233.175358
172.061186
178.570311
139.634098
260.273249
17.999044
16.105421
280.289999
20.417869
23.200611
173.843854
42.037730
418.090381
42.681281
29.935978
108.835215
82.288421
14.044970
19.142180
29.411990
193.003773
10.338874
11.365432
41.457817
137.029425
39.949395
409.153158
22.322820
323.084537
143.963786
28.970575
254.025959
210.012363
3.214417
25.228013
131.595300
128.976311
135.006661
54.754775
199.735450
11.209178
36.899723
129.938217
240.506830
137.793915
19.876302
53.451492
281.289202
61.705505
78.308219
123.575163
74.194451
7.250781
29.053254
26.251893
26.545684
78.858555
43.718980
77.742403
14.965166
24.641178
18.072891
53.205969
218.825318
88.679955
221.285255
33.433594
6.708622
13.736490
34.828124
66.365258
19.885866
11.003523
205.785054
121.288472
185.524963
375.317042
1.193264
17.520964
33.046163
39.659678
21.289167
562.533777
85.137614
41.597177
31.935132
38.201105
378.310223
144.360334
121.077923
16.622289
15.319357
192.232566
8.448771
394.563496
8.126036
256.193933
22.943985
117.471365
487.793256
53.334789
114.463498
172.743391
431.490843
32.336479
146.870674
213.962119
26.492446
224.362581
170.187224
208.155917
229.965708
84.322958
145.691392
134.549707
138.325877
59.217666
49.006275
587.813603
96.813426
171.273374
162.034733
37.816790
99.908369
531.251402
5.561485
34.524718
17.861560
136.255759
13.136987
41.572820
41.714548
105.659175
16.484890
35.510226
35.424834
607.189811
75.232886
165.760841
146.943819
15.742605
395.682076
33.029886
64.855498
11.095231
422.366039
38.684731
24.634807
121.421691
211.387396
39.295279
99.132978
163.784143
191.499846
35.752424
159.028610
327.924585
27.542669
375.280337
92.797776
105.659721
128.013735
110.156927
32.854010
277.517822
185.462771
58.846383
286.213321
26.828564
190.015859
154.858989
124.962887
49.329301
35.054401
22.157237
43.048086
44.428935
3.415099
418.766015
50.090792
333.614867
217.881343
7.859245
216.468449
95.548271
128.399019
16.124531
163.005595
39.901110
128.194013
145.952734
10.475798
0.000000
121.597493
134.205511
102.637341
51.553675
84.278391
40.918237
153.784018
34.188010
269.915587
222.686735
4.658747
147.194583
27.997623
24.606548
54.486683
2.377006
34.330789
183.196507
0.000000
112.192994
206.143649
0.509200
17.793942
389.391835
11.163877
32.374741
120.648403
449.739226
30.056524
230.319824
357.639586
21.114388
67.196394
50.255026
31.222850
3.175776
55.669754
29.793049
38.355972
13.418169
37.006122
111.579091
617.973776
35.427601
3.516981
197.630154
551.300151
128.148106
62.642784
13.927377
173.471420
374.189701
92.159232
216.086499
31.176883
21.395862
415.856123
37.048015
30.497019
43.598652
71.033250
102.436601
58.477394
7.352287
169.167067
27.078991
86.835461
98.994038
96.903567
116.080500
308.354926
21.457233
95.907399
55.027655
38.703251
105.314009
4.676772
101.026359
0.000000
90.769839
246.346453
0.000000
232.037696
22.523193
334.933623
0.000000
14.171179
75.341832
118.948340
49.311471
66.188436
134.470753
213.300640
55.251992
46.806805
76.216428
4.718959
15.121171
0.486175
69.264428
50.119647
167.513724
27.096716
194.959752
7.053976
308.494092
38.459439
370.163523
24.833584
24.887523
11.699629
25.189067
94.671482
6.911312
128.952589
46.498707
24.220157
25.393517
91.509808
50.844948
148.981940
20.193158
193.303715
88.887931
97.238887
40.054727
44.937357
105.879517
212.432305
629.451115
58.569355
21.732211
153.696745
45.773103
10.737691
98.426741
174.800362
140.571347
152.234727
137.219326
80.961599
123.341941
287.964494
15.581776
33.149054
42.439735
25.375482
215.295845
3.486766
189.309309
117.433177
53.478947
27.697876
25.228946
12.562508
20.326809
38.292444
170.800791
20.301832
45.573216
0.000000
23.340376
208.143534
16.347914
248.912644
36.842451
63.791088
87.158502
38.692622
43.985018
48.482137
1.734710
41.171906
23.762746
10.797945
146.076694
403.449664
10.201532
107.328484
141.754308
296.542967
23.726430
88.837467
120.693409
154.999012
102.404335
19.322004
57.232159
32.224534
142.604656
325.199656
18.037159
68.864240
5.412243
4.559960
47.514910
13.842435
55.894189
27.114448
1.956899
209.181018
87.487341
463.839795
35.729650
82.620469
15.556644
23.126945
545.491385
20.428319
24.692092
24.827018
58.682276
102.962593
101.067263
34.043456
12.976226
37.101242
55.088042
29.985710
15.163301
25.594360
43.442129
110.398872
81.030143
47.559783
16.088576
74.827318
85.742156
21.068534
24.170050
19.341695
2.856617
10.213956
81.655119
156.498840
2.269905
29.127842
23.852276
0.469609
43.530880
25.587322
140.534414
15.427657
74.570264
43.608398
106.838962
43.352650
58.427186
320.327151
64.303294
20.061123
9.221277
37.442001
116.979545
14.912125
19.136686
143.447869
57.394752
43.379423
152.336710
125.453694
41.036092
59.079346
161.360785
4.257751
28.644125
56.891943
138.355401
186.159257
7.014096
53.527829
107.361855
132.981896
166.811860
293.476876
57.197409
127.470435
210.817525
22.507731
91.284317
149.641844
130.931133
60.131764
23.480113
55.370163
156.458654
11.934289
0.000000
44.921741
146.799132
362.777661
42.369673
75.848504
164.649533
27.959925
5.117914
18.961503
115.453135
240.971647
183.141718
205.995600
494.846926
209.282248
42.232285
23.448805
88.185675
366.043672
43.695811
146.262534
91.421283
693.997158
193.593134
94.014358
99.708438
163.502216
67.864584
78.579051
376.010903
82.259743
136.810654
16.807446
27.053065
168.425322
36.479252
126.168985
387.050645
79.902106
33.264617
15.854286
25.982631
417.842510
31.473477
219.446530
140.752425
234.519306
252.710443
7.376455
70.193372
40.668648
7.386885
115.162115
99.207372
36.402446
24.573098
377.277351
210.133552
36.235328
83.729326
100.608855
198.519733
148.781907
373.590702
0.000000
95.964809
138.840732
127.331419
14.492882
98.189809
18.353976
67.774436
417.992710
49.511234
43.722968
87.256119
254.233446
96.817116
63.709900
26.249295
106.779596
52.681933
174.773722
162.663904
4.165989
92.415067
125.311564
190.858603
114.932008
24.629909
6.061106
174.846191
75.903090
42.239517
131.474632
196.413937
145.257178
0.904238
173.746344
76.032488
78.903917
50.300819
131.989079
3.175776
86.346559
20.464995
145.594884
352.935836
22.808232
41.767479
475.265074
38.895265
35.878111
88.660522
30.020425
41.235096
0.000000
22.564886
335.912434
137.860546
76.903638
267.415098
108.586150
74.078964
35.081670
157.114456
111.406629
160.345173
23.488680
223.730184
60.613395
86.519045
615.924193
55.145960
148.570226
35.211638
221.959881
6.612163
641.393791
41.301272
2.597822
0.000000
2.092118
18.826336
258.938668
7.261885
152.122484
372.585952
20.947216
124.968191
171.755912
57.449545
621.386327
31.370846
513.483805
325.845340
403.089059
85.178860
14.623837
0.000000
27.463987
51.855780
120.240618
44.464453
304.975261
12.119823
155.951338
79.449953
149.007188
140.726107
0.866194
67.515476
7.564678
128.210791
90.238379
78.157517
201.122393
49.963094
16.450604
61.183179
40.457132
375.229500
244.325145
379.606623
30.876915
8.795970
72.629752
30.587311
100.616890
14.399737
27.276836
138.327127
27.214500
32.780628
352.149560
33.682241
50.768246
119.864860
10.936529
575.953298
214.293969
141.082624
43.105455
93.558492
28.386530
38.011343
371.258550
65.108351
113.444869
371.925115
42.497084
8.777590
179.763183
75.691389
33.482387
158.013921
28.469390
11.619507
25.179450
106.552707
57.071019
28.123280
666.592223
130.127677
109.768609
80.222892
58.890634
75.092864
91.811066
63.758430
36.802508
11.879645
39.445909
28.591086
474.582196
544.233171
23.561154
81.086683
36.570688
103.628147
72.640247
19.229885
436.513029
17.462256
31.087376
56.261182
32.412706
3.917261
12.765110
13.755141
16.541375
0.000000
38.643058
89.685897
42.515060
122.457529
9.366807
22.411933
41.808663
42.492699
34.569240
73.041883
79.327782
38.153853
2.200989
19.714755
37.315105
288.866995
0.000000
242.300050
120.256545
104.582318
183.291130
102.933163
583.686015
345.524541
80.562788
119.787570
109.612190
158.278811
64.342731
149.193249
26.288773
474.588199
93.150872
51.689346
23.705100
36.875857
39.281765
50.640417
172.012033
24.359278
6.896845
33.251167
9.991979
12.080735
50.826658
7.643755
15.747279
46.540894
80.992408
34.425128
46.874333
115.827247
32.418977
15.723347
8.990363
120.228644
83.751769
81.993056
17.613424
80.379630
100.263109
4.487996
28.729629
30.791836
9.687986
109.017542
213.951514
63.548895
388.038004
35.660961
30.714939
0.000000
593.921178
32.590967
41.627198
134.174626
198.342086
51.928772
3.683158
26.153251
84.418337
456.103866
515.834157
9.189989
0.000000
240.875979
274.828635
22.244121
478.792137
564.708510
101.301004
13.100458
33.974577
37.306113
657.277735
111.202283
32.545650
225.554277
261.729269
103.840911
97.691031
58.194065
158.153294
119.564096
312.037633
161.157967
98.146547
301.621131
53.383787
56.314455
77.357109
67.225592
165.108987
24.326177
205.602319
109.123984
147.023798
12.352100
297.026268
43.101461
369.064646
273.551515
4.080933
6.410793
137.498793
81.781004
38.706539
357.174345
304.846638
236.221339
61.136179
69.329133
0.000000
29.227862
66.569049
68.079684
342.182912
37.163287
95.555080
58.574846
519.830385
34.462547
17.721182
72.116169
174.271151
26.770789
32.723380
7.461511
41.574433
15.637370
121.730193
15.923162
34.935068
68.414674
2.835286
9.966764
86.585899
7.638330
58.537052
51.060568
32.979430
96.050538
16.449069
71.853019
67.805480
59.526258
220.308441
98.673129
60.543384
28.858367
60.385714
145.671050
47.453661
30.569683
10.250634
257.730694
13.954688
234.557129
48.967095
16.890493
0.000000
136.429799
99.995965
14.070763
118.250900
153.763272
23.868641
54.808855
32.259927
7.155800
18.043165
145.914430
31.994024
5.198863
224.505088
133.372323
20.150976
24.221598
44.595593
59.457639
30.587311
10.252219
148.807384
167.178043
165.972760
215.440686
4.198723
290.708895
137.352085
4.450743
308.928782
40.442374
180.087053
30.194174
146.376432
51.709727
16.005808
29.375821
403.776719
86.812205
100.284244
18.444761
7.689120
35.691534
17.689544
69.263648
14.893075
308.359754
26.651955
8.525156
31.245467
100.440885
149.374337
31.422778
12.708534
25.890670
52.267775
104.538484
143.407885
28.654216
117.029699
59.835150
12.830063
242.699020
242.482165
61.903021
24.452011
38.595586
0.000000
13.581366
74.718207
80.670788
58.601470
117.899804
100.193277
57.857529
150.824023
9.309522
24.733970
218.256902
697.937388
180.421180
17.393214
23.691159
23.867470
20.288862
72.639849
25.793948
5.081617
77.148874
48.320799
138.422594
60.343590
10.529849
137.581995
623.757617
72.262622
21.747508
269.021569
42.265493
52.877351
25.479815
200.039545
35.702463
18.454356
38.815586
24.746142
110.220026
20.955513
105.686416
42.900038
31.189820
128.628499
26.301200
25.223022
7.659162
39.598472
141.120886
28.822879
256.442522
23.305038
399.285076
207.382533
52.667730
164.723278
323.803353
463.383167
73.476258
194.576871
368.757089
117.202037
7.536213
66.679316
110.617478
118.504311
83.387063
131.683254
161.411284
1.815248
8.926495
289.921256
88.554451
127.348662
40.767284
37.866330
102.897118
84.847580
244.366945
47.294069
138.811924
580.710751
84.959118
26.462903
6.517180
31.344998
38.472890
342.322904
277.721916
131.337234
98.617252
37.849505
182.716125
196.113396
43.352815
25.797808
141.327873
311.389094
31.660964
242.178292
168.015779
31.083461
170.447008
192.774434
245.862336
11.092733
39.725373
36.144235
293.778963
44.910693
297.157941
22.099175
100.740432
179.392077
21.216534
185.659624
91.737642
51.148265
37.793489
33.328683
25.302640
10.865372
57.526481
97.923540
486.220025
129.698069
45.246279
212.113791
153.758956
31.504330
41.238502
7.319170
134.384041
596.042947
44.104346
4.382118
212.961219
258.373117
18.386179
61.720521
99.909206
359.163434
15.604812
30.665643
8.767663
139.439428
30.719742
257.577542
110.407397
625.571428
20.527113
51.055593
108.671510
35.966973
63.684540
60.968645
16.105216
48.735038
28.567933
87.849603
37.449011
120.955719
77.991836
26.025580
123.609320
74.556914
164.178128
54.041364
186.291037
294.265006
8.779067
94.375674
47.015118
200.155224
115.022876
10.180202
7.004603
20.565808
126.798435
14.136878
133.083016
38.783864
34.272694
290.546576
170.652910
41.046730
215.976039
302.050046
37.204638
134.647795
55.811031
59.150692
34.500958
259.903127
24.957442
270.372712
263.859672
7.482842
180.310125
157.133912
8.392117
118.124877
218.925597
85.773916
6.189837
308.438969
38.954447
36.552176
330.296847
0.060244
121.779234
12.638706
281.057993
122.568757
469.155013
15.354881
0.000000
7.461511
198.428934
156.156074
359.760406
127.898098
115.289503
35.008144
145.661379
199.524436
1.102688
80.278102
27.794551
33.727676
25.785219
62.568611
36.977584
260.833790
50.783045
147.333866
351.926837
34.751919
40.957865
39.494159
461.685240
28.389917
10.812495
167.643584
16.160943
36.782878
129.072978
30.218996
113.711669
62.749675
48.915034
100.477189
27.107835
76.793558
275.432289
62.849739
55.969604
13.355958
37.157269
22.825969
24.692092
9.379463
24.432644
34.931731
52.517395
29.813756
36.471135
27.142688
15.605745
123.551404
117.527798
313.524137
150.205986
43.718980
72.197136
0.000000
23.020269
31.275499
90.428810
28.899219
65.827831
20.116703
16.672738
25.567834
168.440278
203.747880
54.599891
26.847437
17.527869
399.382371
12.647031
13.451168
27.321090
139.857033
91.172696
69.335992
15.525267
42.390326
222.430690
44.143836
78.173438
5.901315
23.946708
5.467401
34.307204
32.010153
158.032735
7.720166
22.811742
80.348565
16.675575
72.165760
14.513187
212.577574
23.268736
50.171415
50.624343
22.710045
155.483988
118.021805
169.285863
33.852556
150.629529
22.270141
8.366668
11.562862
70.460707
19.070225
43.055971
17.147935
30.399566
354.099740
3.592880
35.212129
11.001347
17.987893
25.505965
119.848640
24.948664
83.940013
17.608503
222.437697
12.862883
38.287943
46.807067
15.222131
28.997970
33.054586
8.036105
35.961554
19.936625
254.345281
400.268957
4.481213
17.512509
48.065168
17.356637
0.000000
14.098224
49.680695
61.367524
36.142064
61.801971
361.756547
57.467420
26.564339
25.597561
178.888812
242.432514
465.767933
19.139566
36.749211
108.696896
196.419773
51.354141
68.892735
21.448341
61.293977
89.876281
74.685754
109.959683
4.776633
0.000000
40.861468
94.548936
13.616329
13.697229
24.816090
614.869026
436.894232
2.774781
22.649292
33.030003
4.732890
0.000000
45.114701
15.693254
2.699328
485.143819
129.934485
8.813544
24.065602
63.637717
244.462886
44.783317
68.530759
76.846213
134.451041
95.888823
284.746022
11.357784
55.624054
99.433136
275.864530
188.692224
37.001589
169.127152
105.273034
69.543464
40.752593
91.812406
5.944186
35.614446
9.611150
39.877600
214.218383
100.117281
378.612186
177.185906
42.047915
79.376635
178.711921
12.222772
328.227140
46.470186
349.235739
37.459620
138.896694
266.177990
27.651279
128.401908
5.580130
12.459082
21.820665
3.715892
24.472174
23.373726
68.199219
79.441654
33.043754
161.349591
78.957291
16.056606
110.824930
78.318055
68.735592
162.883663
0.000000
38.996474
7.918506
423.642586
37.274477
201.069035
39.007878
134.139730
146.463564
19.005971
7.458954
67.526505
16.577159
48.847349
405.785383
221.357156
43.489164
144.069123
178.284740
71.742982
103.643991
266.905897
38.036527
31.881114
16.168960
246.217968
48.067820
88.219740
299.595485
38.266393
17.336604
37.618314
218.134079
23.029392
160.904972
95.723103
38.379581
124.241450
80.129315
299.804808
21.357690
18.404795
98.335198
212.307709
66.416749
13.027444
27.045630
86.266227
3.601322
112.300345
189.348627
44.243652
50.118873
0.000000
255.758248
27.960216
139.211330
5.300421
79.200228
132.248184
40.710336
39.668944
13.596098
36.729197
2.742047
155.211339
132.450794
247.137709
89.485780
43.176659
364.131947
50.376855
26.382012
93.125206
32.404263
46.700889
330.176923
162.366719
18.003051
36.386609
75.739868
10.321090
0.000000
323.931533
164.399141
31.244062
487.002433
100.563157
231.576155
129.099656
0.000000
71.145264
247.565146
64.760754
1.745083
223.356399
103.759942
36.445867
5.907495
93.537508
58.739681
96.225495
151.855512
356.708464
58.080543
455.561311
90.848028
444.729473
189.043731
53.370423
328.788351
8.779067
106.073453
58.775405
34.079689
138.383074
157.090297
157.697834
76.308203
124.025247
148.158350
8.072059
37.542391
30.039779
133.384174
58.248030
9.627974
144.316009
1.658672
605.394680
40.025642
38.522230
49.623763
110.310611
78.679384
122.419973
270.884412
31.381364
1.015635
149.767825
61.639437
11.951105
153.390977
103.967787
147.414418
86.061030
10.412049
182.873763
15.554383
189.704791
27.507722
150.776658
131.382813
120.913557
5.198773
9.438716
11.863150
66.777337
203.030556
553.275062
50.971990
532.862315
265.254613
33.160321
672.707200
74.666596
83.739317
276.094588
208.165668
99.330440
52.873704
2.690487
17.882767
64.991156
67.424267
13.180979
8.573541
228.854576
17.785569
120.592010
14.675664
147.709711
18.596799
107.381274
179.230509
11.377010
38.335934
57.189329
78.859805
314.363661
133.954906
206.883585
48.166577
24.768922
93.017796
124.850415
200.576203
149.836328
113.965722
33.070805
5.628665
33.786093
29.273634
72.613464
253.201473
144.160392
94.063168
43.961050
45.760845
230.630440
239.056082
20.954309
85.670699
53.525810
53.972018
10.697049
71.958402
106.611317
315.334614
103.023577
71.699922
597.504522
0.000000
590.349446
99.502503
165.841839
188.153307
120.701055
111.118834
36.975778
29.456673
32.759264
51.357012
68.036074
20.696222
57.190070
128.198165
94.987358
25.084963
67.227940
6.893836
44.917414
23.508652
211.177199
40.952804
240.397788
422.356591
75.681435
98.497923
104.100379
468.630115
41.077837
95.172496
93.615428
0.000000
198.418774
225.257670
9.756027
232.179638
76.541713
107.231367
23.001033
97.343546
69.685553
14.267815
12.332366
41.970872
47.209956
75.427759
45.233493
0.000000
13.470030
46.221319
82.727444
37.531987
26.458456
14.450513
29.583794
30.775756
171.098301
135.280124
26.696461
15.002944
130.509182
177.664235
74.876511
64.123167
155.556321
225.417028
268.727594
20.553147
34.159072
36.449713
34.641805
18.562389
134.997805
7.379676
14.124860
118.044642
306.743808
156.092653
114.908033
126.096620
152.725724
27.093651
78.350548
8.121161
5.327415
245.761507
147.316335
55.390585
0.000000
7.883837
9.291987
39.938681
133.217422
211.982028
61.163455
74.353354
12.947960
44.422848
11.791514
9.721070
96.273224
78.376518
85.040757
130.828689
19.163121
186.682837
207.168823
40.938743
10.008673
63.068701
27.943753
26.475287
50.825704
33.148069
11.277956
68.357421
75.454247
9.034633
23.550545
7.431245
51.453979
25.384284
0.000000
181.720950
225.164243
228.050922
51.191210
91.316929
11.437635
4.832174
0.000000
98.567104
68.742005
26.610220
14.265242
96.457614
52.609800
67.077688
98.405038
7.355125
131.731557
140.540757
59.153618
27.641601
11.249307
81.419523
8.702610
515.830709
12.653409
147.339758
159.426065
64.779454
57.858689
42.651047
15.902857
41.174682
59.173992
304.992676
247.384846
15.589277
217.599322
168.735911
145.782388
31.834143
234.853718
64.713816
102.214689
79.850416
3.596525
74.272361
50.714484
95.034032
14.012411
24.621660
17.617635
298.907283
89.755701
300.443238
162.959037
82.498187
110.950832
496.919672
16.142682
25.668364
91.205570
87.565043
132.543894
22.946277
4.527809
9.047648
124.596505
153.208699
406.312224
462.384576
38.120064
184.667736
48.641217
80.005000
56.612863
693.484900
37.781859
427.817651
207.425495
88.690649
52.424999
22.362703
209.552671
31.962784
334.307089
23.395373
0.000000
78.474151
60.442728
62.645449
38.298026
74.710517
73.529582
18.028024
43.325193
39.000407
98.196418
291.436319
6.765907
163.478005
0.974394
277.906809
199.985577
31.884902
19.566888
58.743633
111.851734
104.744262
25.910470
105.800239
14.393552
20.051538
77.822897
78.710692
64.099305
19.289165
15.607680
57.407622
202.640326
153.747013
0.195388
16.258562
26.818904
366.892720
258.684405
6.707114
53.763767
340.459095
78.983306
170.613451
9.223534
220.743702
42.260233
84.240578
114.942942
142.554439
85.400919
4.751425
94.273938
5.553977
68.632566
112.161191
520.371180
21.315718
36.318237
398.832422
236.455249
104.719033
76.786511
42.454713
23.840025
652.625237
701.468034
22.950770
260.677289
107.859928
23.550545
346.135828
339.993304
33.516143
387.812444
18.543146
29.175548
21.865071
73.233535
176.670438
20.461339
61.099021
51.721499
108.962853
131.732348
125.869878
5.390305
43.958240
32.650141
170.187808
35.532561
4.858327
36.802508
35.326483
16.089442
42.810225
75.724849
69.845714
31.337135
63.897869
28.675098
22.656910
26.463733
11.403585
24.086465
118.399589
28.098528
35.449428
214.845830
33.090669
55.892075
9.497745
36.552176
26.055135
36.805686
8.121161
459.895444
109.359362
147.044459
234.217026
204.637988
44.034440
319.634016
85.914192
333.158315
7.695615
15.616129
48.810058
148.800126
72.809691
105.531052
100.953479
33.225561
30.095029
283.408485
48.023948
25.404831
105.652662
7.695615
19.206191
166.869690
23.881108
149.247663
15.240705
220.209385
220.584397
30.274238
254.151775
18.582960
109.041701
31.348897
49.496346
69.987622
276.873890
10.760784
0.000000
18.468928
6.554878
89.984599
200.063482
372.210817
80.499168
5.234817
95.880202
19.588733
24.733219
31.992848
40.602836
183.098142
164.853162
238.575589
251.937140
3.953216
137.230065
70.949844
309.205360
211.498297
434.079130
15.636219
8.679322
301.938102
11.698380
128.059988
102.115355
207.673795
2.128566
45.813560
40.595303
83.504135
31.017293
64.378783
160.267124
15.240705
18.178091
164.832582
10.423264
226.265463
8.443870
139.674977
9.742319
94.839044
5.661596
54.978908
12.811514
24.988008
29.769721
118.701668
11.252150
230.069669
61.147682
41.352374
48.406890
9.013171
129.544402
113.392660
5.875867
21.038667
587.381715
381.404305
143.420788
15.342711
35.644033
48.377170
67.459600
7.701065
42.209681
103.202117
11.922912
77.036839
283.628402
8.571693
24.027601
64.433032
82.359739
95.240753
418.534224
57.039851
193.370368
56.894029
62.607271
72.686353
86.140745
23.950607
69.355420
85.479622
125.333356
358.354246
129.792716
17.799602
15.975846
15.424180
25.941847
138.856139
11.714217
53.620910
364.019978
356.228762
347.163434
16.942371
80.243584
70.394956
17.249491
122.554870
223.640985
85.193197
127.661232
165.594837
533.163072
87.842344
283.903001
177.491582
131.428203
94.626528
26.761903
22.243495
67.316471
72.286047
188.592543
187.992144
25.527046
65.294297
68.673526
16.871939
107.227676
21.922646
234.531239
0.000000
348.323780
37.658563
14.556168
55.378782
23.197524
56.398797
27.605984
86.229552
285.935463
156.812510
133.828027
28.470880
103.491922
75.264976
186.840298
57.979182
39.474561
47.919920
7.651981
13.968407
245.682461
84.772546
299.066875
150.574545
182.664575
166.326435
488.631583
165.228635
86.944464
30.912970
39.540206
121.748592
43.312682
42.866912
21.548322
48.316614
80.237693
43.985144
155.403055
205.660023
188.761200
71.174951
12.823527
43.931230
271.619493
327.195062
52.491066
25.382961
173.552996
3.054479
163.468048
202.243444
18.271212
132.090463
567.992675
153.032886
95.297282
3.704488
144.959517
182.936715
141.460758
20.592392
12.696298
43.243357
34.936104
66.440945
5.460737
6.034196
206.486855
15.910194
31.549318
181.656418
196.685041
191.752984
36.142859
83.642526
82.569243
59.170774
37.547171
8.799639
428.561137
8.202997
31.232324
93.117414
156.387396
203.270278
93.440553
11.108476
62.723471
17.319720
52.345944
71.045739
149.948803
2.587615
117.821701
17.744361
275.444333
64.827021
130.944685
19.332311
291.640179
191.189567
25.638014
200.237348
107.601577
61.185060
92.553309
141.900325
72.385445
246.601063
640.913204
551.722430
684.191771
41.867741
59.649869
14.460456
604.596940
7.944342
66.238286
0.740197
104.675455
48.215074
110.194044
113.109426
25.391684
65.102041
85.196963
171.354438
21.747281
34.412308
266.781567
314.993212
223.639446
82.356638
101.275421
35.939246
166.972856
10.262037
106.170754
50.984616
61.887152
162.181575
235.499715
39.396137
24.874994
33.146098
390.635913
310.567372
25.256759
17.690859
64.742021
110.040276
0.000000
37.018264
147.573501
90.167455
25.183993
138.410002
215.176420
153.507281
72.343224
7.119544
21.329959
36.325318
14.759831
152.887567
143.734847
107.086599
69.270994
11.241639
148.317117
13.155642
90.447203
25.460912
149.399954
79.052818
95.776303
230.433188
30.093026
16.295868
120.067905
215.639649
87.531920
60.062922
146.756678
55.549364
247.066583
38.285478
160.454983
35.322755
228.030503
25.364078
125.517326
190.859159
522.946359
200.445023
46.907020
181.161173
83.739616
315.349301
129.796342
328.366735
43.435913
21.855772
75.628928
215.554026
28.694784
25.170097
10.815300
139.217615
104.479860
5.681694
34.289820
131.468857
19.407413
23.561154
140.719348
113.576040
190.983474
26.615632
19.517037
51.248156
12.102212
31.772085
242.105639
64.562369
11.999545
106.353063
22.710627
44.375075
299.716061
45.779029
44.349883
85.992019
47.210245
109.907960
38.115529
49.322476
103.659521
74.814263
301.370057
39.303690
22.120530
16.671725
429.974375
5.707132
195.594952
128.281795
43.242536
25.764141
161.595612
30.748278
42.796681
131.294364
151.337729
264.563265
25.510407
37.408244
10.989223
34.776202
156.043031
88.942656
28.547439
138.988057
56.985365
220.421735
174.645224
287.557792
1.986969
305.820692
258.734159
68.820666
7.695615
21.252339
85.936074
29.108824
71.541967
140.093179
17.195763
13.670277
39.603908
107.998569
136.290223
27.337236
73.455987
53.567173
79.880610
410.820542
176.876620
139.147242
167.355408
166.656373
37.741543
31.323937
119.643234
198.272577
18.803808
27.990224
49.753595
30.719853
11.817221
476.163074
50.137949
19.984719
104.168329
53.353494
117.863797
336.413851
166.010893
18.779674
39.337113
31.868578
36.708458
305.815480
46.746340
181.244907
13.596265
82.644146
452.814207
22.335500
56.242841
657.163699
241.689554
293.816585
14.851140
248.545138
233.078776
46.893765
241.318546
278.529346
169.858248
15.534028
28.425082
28.230115
211.309606
261.969438
17.651520
38.190496
38.494387
283.919775
291.437262
33.029529
23.550545
114.254096
140.030915
94.959833
0.000000
294.839323
19.124356
129.376193
33.763660
53.099154
24.472549
127.737431
145.648853
10.262037
277.126594
10.684363
46.302771
24.902328
2.785469
10.887090
117.126406
40.175565
432.025572
74.559217
186.706280
16.204553
26.890927
21.316925
30.403076
9.615096
33.868837
59.134939
113.450560
59.042270
134.978225
42.246170
22.299795
390.563503
18.178091
0.000000
96.480224
10.659394
286.090028
86.486342
181.551368
32.563331
165.126797
254.139505
2.930269
79.025136
50.748008
498.688894
341.692312
51.279053
75.833866
40.329716
70.988907
37.124845
15.279081
74.631972
364.003295
131.131484
79.505998
163.185639
36.321263
228.762540
151.106595
104.094462
407.359490
385.185549
21.328359
35.269447
6.677662
115.651269
104.946796
14.869472
50.398598
9.830843
121.928289
228.666015
76.539493
48.109041
12.310715
72.467426
3.730416
66.582461
33.134743
138.078003
61.916549
27.538499
484.709996
239.209576
265.363529
4.333782
236.390553
103.280806
182.121554
398.639520
0.000000
10.318680
19.319638
127.698684
185.103311
65.983384
101.155477
126.281420
3.022691
176.305842
47.308406
47.058823
59.944131
214.145012
113.942183
28.861201
436.099971
143.932618
137.462722
516.260796
260.767900
18.427638
18.907803
92.780874
16.544777
65.213909
36.547348
50.471580
448.617188
16.738815
70.330478
98.903911
53.370866
46.017757
40.589843
450.509340
200.845239
111.013975
131.614253
38.644161
21.302792
19.931680
27.526196
4.017820
25.838739
63.933783
369.899965
29.652140
23.302953
262.007130
252.423229
209.297150
30.177460
28.547439
125.989002
295.919880
37.172374
392.175191
18.533080
23.092197
79.877718
47.236231
11.438734
21.883792
28.573458
569.289392
82.478199
72.772981
235.900032
104.045904
388.218640
22.409808
58.819028
132.142564
29.986444
24.245062
140.855654
241.197972
144.689953
33.986723
196.180552
103.067718
6.352584
170.192762
94.342644
7.200882
30.017394
13.080341
87.395177
230.481962
211.758007
135.376629
8.821517
19.603757
48.410861
80.147222
197.326117
493.306572
47.847844
189.305247
35.066531
77.618629
41.772299
5.421391
76.305144
225.215841
38.172324
215.762866
7.379676
28.644478
49.084190
84.884373
37.364888
22.927496
105.105884
92.960746
242.174922
8.473055
95.188314
94.346193
64.733024
169.410598
30.268151
150.265522
187.071704
5.681916
49.490740
5.406657
16.662937
48.011628
122.652172
6.602471
120.260428
27.958811
45.333682
190.220118
30.483129
1.997222
176.461973
173.459773
137.343123
72.916042
28.778464
141.556687
296.141239
26.669531
12.973365
89.897664
107.992088
195.998446
74.564699
271.542974
65.614252
742.078679
63.902038
63.616033
227.898333
164.009117
2.094552
24.115212
341.250007
35.662860
91.946019
227.467034
96.981511
14.056380
106.708791
137.683803
5.158095
20.430564
53.902325
35.609698
54.537540
208.980195
68.634014
25.375482
178.211849
9.525286
61.260860
32.645295
95.354412
18.268819
617.005171
99.518045
135.574800
521.400608
349.352415
0.101257
137.118117
0.000000
96.002888
144.418394
108.184601
49.843723
73.880283
31.974805
469.106112
65.919851
157.019512
2.792644
127.565411
2.900240
28.439333
155.159014
42.643253
137.386707
137.551440
273.741987
67.663681
196.936717
163.613364
12.096497
34.686068
52.537002
45.559688
0.000000
4.257751
28.800340
127.681600
3.800948
27.900004
260.583970
60.777415
365.809425
106.064994
139.952853
26.720569
256.826458
2.442050
62.991557
710.997337
55.302717
206.567737
100.095290
413.529973
20.185011
145.367604
95.633290
92.326375
175.688345
149.264685
32.710574
21.178242
110.474699
178.441426
135.267961
59.903432
128.740755
121.648696
11.888412
29.419649
14.532427
348.123772
83.448456
245.773433
47.708799
261.758534
444.775414
21.658719
2.393287
231.818964
190.311533
22.190301
5.369361
149.666845
143.476551
3.388549
229.435966
24.859988
9.574041
113.150718
404.246751
110.263261
53.520165
35.660009
24.085532
48.824883
88.959307
60.805316
17.995108
150.995495
36.061257
5.993707
35.399196
61.584562
20.530053
207.675391
37.282802
60.831926
47.384503
96.120634
29.411657
267.225634
511.028643
287.711972
153.327953
40.074727
238.404695
67.513649
115.075968
95.059241
475.994501
31.283785
105.279955
225.610635
334.720484
20.896999
191.977072
30.184251
53.862904
45.369181
4.481213
251.372755
46.371305
21.599120
250.962711
76.467175
9.570712
81.682530
318.527186
71.532240
143.178847
173.983057
114.286087
11.227257
13.349327
6.883746
70.192488
565.897251
116.686928
54.586141
5.380684
104.565924
694.892110
93.065877
215.842304
226.595381
446.477681
99.147131
124.374793
45.397380
187.687155
8.862646
8.294759
8.464053
4.989310
80.745557
101.559952
544.582143
144.186804
31.694535
339.503801
7.752900
0.734790
45.678842
85.148055
49.478054
26.461776
213.571141
189.991480
174.851694
54.550823
147.203706
11.003523
12.494397
57.210043
148.944800
61.641282
13.404382
63.765698
24.351602
48.275559
31.873466
91.542628
99.869664
100.025783
139.547070
142.026396
99.939012
78.373400
74.193620
11.070810
113.551773
97.249670
32.279223
46.054499
268.906771
8.030436
84.822096
82.494799
35.591415
9.696139
136.151375
93.364337
133.535448
143.077332
420.497739
30.184193
185.883943
90.587879
50.055451
60.206088
72.647361
95.623141
112.707891
51.271104
91.028853
66.036213
50.216110
47.404363
65.264050
10.973464
46.780743
223.556767
13.622842
22.702407
7.671064
51.826018
96.724265
0.803592
18.987239
431.167416
14.717590
378.881782
31.919949
294.822021
33.866048
5.306011
53.880266
136.750683
51.939728
129.185970
95.805527
214.774620
68.846776
58.393613
22.611727
28.928128
149.610882
7.612893
38.419907
46.786169
32.333141
147.425818
76.456813
18.766375
20.223348
79.591203
410.150190
0.000000
49.911513
38.553793
474.132409
47.051804
32.977892
86.638202
16.817122
24.273755
1.887060
55.846525
86.613345
29.656261
57.152488
24.356523
1.382216
54.703359
30.188757
57.136612
22.066612
65.974578
40.203370
72.391703
563.066970
26.517030
679.944951
8.432842
150.212613
45.919382
25.587322
0.668336
117.326081
20.775080
24.316406
50.905358
13.963663
22.999771
14.945748
498.245502
470.714317
15.231030
13.239885
11.537888
66.372238
140.175225
238.433718
121.687951
621.741379
403.751676
215.847255
35.704400
24.228911
32.802428
43.716816
377.309098
17.527869
147.202949
184.967858
21.340172
0.000000
37.606131
0.000000
26.648463
57.475394
52.269138
17.265727
84.700282
61.188546
620.154651
48.313220
120.316393
44.605705
49.452066
23.591838
36.610607
354.731108
32.263328
102.230211
6.327297
13.249148
8.228388
100.710565
45.390842
37.943245
17.394525
190.529830
63.759687
54.058846
20.687081
7.094994
38.684731
38.091445
0.684031
26.146432
585.097866
429.467317
146.125875
75.433474
8.191593
133.905775
222.777596
91.525167
1.749860
168.050434
23.263308
213.738694
83.532211
17.324296
7.011415
1.737857
39.022023
143.811632
76.844853
196.435165
0.000000
34.919476
2.188784
103.452992
294.929047
88.965679
47.695479
368.616525
254.343263
20.189322
186.828762
35.032386
92.290016
1.221355
42.235189
65.107661
263.384089
84.362176
169.553271
9.213607
170.978937
117.553040
178.518418
401.756354
170.834755
54.709243
67.716121
309.130450
32.099511
44.012596
77.395301
140.908336
41.429274
174.859657
87.396169
100.837355
194.157576
577.532493
35.920715
167.513886
322.623787
160.556676
4.300422
36.319133
430.637565
64.752327
4.809391
37.678918
170.708749
28.898138
78.671269
207.418584
113.528988
70.995937
97.590329
55.751674
218.139750
51.900041
185.203276
43.142099
44.185661
9.905482
45.355695
223.346216
68.900444
28.216115
58.415201
56.962350
49.762521
102.913990
187.132677
39.007878
48.179635
40.394122
166.535526
62.922883
183.992988
24.356523
55.597208
112.066066
29.179490
0.000000
62.842260
152.288930
23.596515
294.003487
14.792774
10.262037
423.845144
165.950474
591.915963
89.929613
316.719050
151.463707
70.039265
52.842059
16.749018
74.667502
51.787629
91.496543
107.532020
102.265543
39.560725
45.483397
105.413409
219.631890
692.964604
19.411849
34.788538
33.641731
55.274193
123.042037
173.903938
13.493206
95.626957
431.389795
385.848481
34.394541
426.935677
104.122470
20.214446
80.566630
0.000000
40.605118
70.085069
64.141181
55.358011
242.978418
157.439668
290.188289
36.442477
129.434878
75.707434
168.985814
8.777590
85.421527
203.790334
44.749135
33.250861
36.802508
97.288594
74.384787
29.002298
85.249140
27.550539
152.736867
0.000000
23.314267
74.130677
123.721505
10.913377
74.003031
25.395083
61.956945
114.146780
241.599749
269.632919
37.588131
31.761887
32.557795
52.791367
0.000000
71.128744
237.563106
67.630246
25.519940
15.957506
82.131075
187.669748
69.388549
15.315940
61.464895
27.632171
63.702751
430.789041
222.391374
17.582781
20.175413
305.452225
356.993154
185.900294
124.640641
42.734404
473.796156
279.690617
21.105600
104.163759
45.342960
4.846969
74.967895
233.742677
64.844581
34.078007
83.683734
67.881770
127.111214
26.409849
449.391617
108.976174
23.189256
38.636837
58.348158
85.153401
16.426929
35.624679
237.868936
77.823137
273.994451
32.416069
67.331591
27.182493
149.505098
230.516128
86.814868
49.519365
119.097062
100.296981
21.918914
503.046891
468.145581
138.695954
0.000000
32.435042
0.000000
37.582042
20.433612
33.712420
25.587322
175.915269
25.469532
10.921601
97.980980
228.258538
22.851148
74.237170
109.422850
37.962453
121.034427
112.294221
43.677086
112.132463
165.480590
316.510368
12.562275
294.078964
18.374480
176.031334
29.926810
3.576771
38.960685
334.265103
321.938317
525.378951
124.148209
43.525752
117.973209
555.404152
59.304630
305.832799
44.259096
108.608261
54.875332
148.272412
25.883628
118.810586
30.403076
12.503061
54.927002
3.348023
276.148597
25.399666
250.396843
349.153868
78.967480
29.563431
107.614447
64.518916
51.157783
549.480022
40.414502
73.693270
13.800346
229.196391
38.606309
41.414496
62.099899
297.848306
99.265105
134.612931
26.955533
153.812374
235.343999
121.008070
0.000000
61.461191
361.026252
401.782591
92.225258
202.681950
37.052311
31.218841
48.683128
6.659014
14.241651
8.802141
15.344571
121.916625
7.191453
57.014503
126.771275
108.513717
59.089858
104.065309
22.386785
124.627164
31.503933
544.817402
158.913079
257.506524
56.231431
16.853421
3.396980
28.295972
19.686497
27.959349
37.412246
99.425634
26.845852
87.366298
75.542389
101.079462
214.969738
226.213763
84.990173
44.823916
42.670241
39.277495
80.579078
192.066856
48.548663
91.238344
75.841643
87.573940
301.139344
657.844932
162.879565
58.042334
12.118737
260.512859
268.678095
126.034294
23.453835
61.641977
69.400795
659.833066
12.336918
102.815043
108.404284
50.182444
24.995113
153.733728
41.020624
31.220404
649.328807
692.740521
213.621074
77.164441
32.922989
75.771116
26.197870
20.109404
79.519638
163.411706
38.689328
9.074486
240.232739
201.300571
349.007246
10.103744
0.000000
349.077014
297.772175
50.028332
86.144792
114.199367
622.088978
96.921293
24.848135
140.833208
19.817434
234.183482
89.907053
35.853171
174.593885
39.295279
31.894713
2.904301
50.365938
194.044908
154.594452
5.163561
109.997069
67.693436
70.247589
119.330547
33.663835
256.306047
173.239456
210.988036
419.715413
4.382368
24.515274
116.855128
103.586530
165.833299
37.265202
34.371375
314.408596
28.112777
131.489714
78.585196
35.143566
87.575259
199.835170
28.540595
349.011233
36.015435
35.948782
17.774187
85.315248
358.374719
16.806050
41.273655
16.603748
278.232179
0.000000
147.492328
4.601462
0.000000
53.737671
56.914375
67.584799
19.019559
48.309079
101.440573
34.930402
25.093088
152.819385
22.375410
104.068927
87.305703
467.917234
152.289036
180.631837
35.959270
72.853974
206.506134
28.724648
14.271666
36.670761
193.033546
3.846844
96.302451
22.784509
289.715266
80.652021
162.385026
42.432563
172.205913
68.759445
15.283348
495.287699
77.067023
226.207009
78.568925
246.890396
129.097977
133.927469
265.229942
239.496908
16.941438
188.551995
101.319492
100.531111
271.744138
103.640423
91.421589
13.875028
118.070688
36.630611
0.000000
30.566976
152.243381
1.580737
159.120419
86.163648
242.307803
60.666487
25.981017
3.917261
259.288341
66.157952
114.110081
56.105888
107.995413
231.902475
209.700698
15.426369
85.257799
16.406450
40.191857
20.403432
55.638715
46.891801
27.216058
24.445775
243.006897
58.049515
258.488365
14.438244
128.288654
69.885413
34.379754
508.338253
34.588912
155.777093
612.962208
49.381161
35.442410
173.589153
6.577685
103.011183
2.894151
124.675468
145.539180
483.660144
166.882031
9.760094
71.465042
50.267323
61.612441
29.815870
56.979270
65.750438
84.158222
16.571807
41.087742
38.717559
34.847610
53.136833
340.035320
160.760271
265.470956
97.032176
37.793489
50.329716
92.937488
85.695529
14.423320
178.324516
92.764203
538.701078
12.069992
37.471024
69.507423
194.435517
23.950607
15.923365
71.772937
22.033477
20.616205
367.110975
437.145763
451.946297
268.598427
64.889035
18.189807
91.757859
28.815463
163.725468
81.770284
144.520786
66.767864
68.843642
40.556195
30.436454
99.106600
64.445352
115.965737
9.870204
32.388219
0.000000
34.129482
64.541969
37.580579
6.957474
41.332796
100.083360
243.321489
179.136545
139.467982
194.612603
45.901073
33.581292
243.040691
137.359755
10.504991
28.024876
7.110008
6.895425
171.901827
151.115900
4.587599
100.239521
34.452804
39.948264
85.412488
30.490029
66.217223
96.052567
173.938987
70.975295
72.576352
14.919970
215.389046
4.918878
86.536631
174.759794
43.766985
34.367849
18.737326
66.934547
55.012580
65.452093
29.416821
76.177430
56.267482
129.057181
89.895566
39.243257
70.417285
3.917261
215.368596
78.815675
245.232920
51.857784
31.588323
195.264998
69.787125
16.615151
67.847974
159.423204
515.699893
225.769073
65.393387
49.373433
22.681766
83.169076
114.007986
123.705319
8.859426
184.367568
152.954882
40.472936
20.185930
36.519618
231.486695
31.229363
181.124144
121.311934
0.000000
3.501524
185.251002
151.216754
172.389446
4.754617
23.764544
4.247825
14.793615
144.504937
181.331917
113.949540
98.677497
464.545615
235.034846
128.389626
30.772627
137.786801
80.405137
264.034636
135.288600
197.932501
24.705680
307.316906
76.097608
2.057847
24.706039
6.220542
26.463733
14.544707
166.189094
3.552221
8.779067
363.479636
24.515274
245.298068
11.691735
17.787802
