131.471570
45.457373
76.725724
9.908379
340.460183
77.484214
98.269671
60.838090
118.251147
21.730271
538.625050
1.171917
103.643204
412.757953
382.938820
30.514772
28.709598
109.128698
40.271757
201.625898
96.819416
486.426033
154.600795
42.229234
2.136123
2.139181
17.830766
44.436327
11.901303
82.337177
59.787347
18.485221
177.958137
108.994914
92.675509
149.322475
373.232095
102.669356
241.975230
40.788621
12.480296
71.523799
19.869437
242.448977
17.707423
8.890288
17.806912
15.177588
27.457810
1.358019
67.852184
44.004569
1.937887
125.555922
262.036223
29.109029
12.971943
16.587628
59.611487
55.164948
44.076225
138.319861
48.642289
368.467168
61.965564
149.943994
163.531462
82.205231
78.751804
19.743295
252.660854
130.646986
13.962549
178.753338
59.723287
136.364745
64.780536
55.199931
160.805686
60.824667
23.765518
132.036617
21.544875
129.729245
32.484510
212.722413
272.873943
66.998108
96.373292
72.591593
14.597335
93.778229
116.274444
225.092547
45.952006
81.635705
20.597019
31.756720
19.958464
89.973268
17.969900
68.044759
25.329105
110.970798
297.318393
261.035991
522.520040
200.517831
53.836878
33.074708
33.983566
326.004203
4.084465
27.639742
72.464950
34.383076
90.949503
1.780237
26.644190
21.550717
203.315986
243.053738
31.864227
68.366766
222.918715
26.480045
25.742052
153.951422
530.769084
28.459189
88.463978
38.577678
5.574672
22.153427
341.546531
96.624306
38.000923
158.115259
77.607044
19.548097
135.065645
20.781310
105.977646
37.341509
38.730353
55.942354
153.786240
193.041850
54.680265
1.358019
138.141148
43.025705
170.384010
52.991179
12.660304
78.610678
1.236949
72.424353
144.286528
118.717870
75.461533
167.368067
27.239889
189.804463
110.412841
89.592381
7.365430
179.974820
18.654173
122.749052
174.977208
303.555487
57.343699
36.590631
61.115290
78.117544
3.120466
226.216476
26.389852
238.577119
62.124341
17.805949
248.159988
127.616400
171.636713
186.915048
334.279224
101.148301
173.371682
389.823332
147.694223
1.236949
15.156657
31.296012
180.026166
24.614442
62.105258
117.395627
25.735485
237.204615
178.611960
52.710082
53.799091
128.694960
19.836814
186.698015
115.837414
25.664214
66.125065
55.770515
46.934944
73.889763
70.497237
31.406738
22.717719
117.449597
21.851671
619.346979
26.664928
83.941538
119.966882
147.870494
12.039851
84.130809
43.116683
209.513431
30.332144
6.696640
167.075408
22.436300
27.294318
45.544312
943.815848
135.864724
196.372557
198.450740
126.859288
45.498970
47.107981
27.996308
82.661796
251.884519
12.251009
64.946022
21.930543
183.207577
78.288064
24.054589
31.459642
527.193956
13.914379
41.280485
39.876373
94.397405
1.386059
63.282466
197.601116
42.918656
166.352739
69.164173
129.291496
35.085287
339.615793
507.945368
42.981092
5.612235
2.489391
21.943077
30.392578
14.759404
86.357874
36.228924
36.960727
99.387316
11.799843
31.594867
82.947927
33.867943
281.440536
65.233385
41.917374
106.759120
66.685378
7.651883
22.736717
19.022619
27.537224
147.372026
159.193858
62.040385
149.926454
19.462974
22.082721
135.082538
249.659586
89.372951
77.078640
70.128465
1.237764
102.360108
21.570263
154.853140
19.622404
15.042683
108.459809
389.156122
114.805945
13.876562
466.154373
34.122416
53.710955
36.596464
63.071074
43.545928
20.124395
264.088744
54.750284
54.545654
1.237764
191.891340
360.410684
375.373539
124.362761
80.467319
216.322760
7.426096
104.904254
41.568332
245.565739
1.559634
197.358937
29.891032
86.991336
227.080576
40.994243
43.001084
37.974289
78.753766
51.810860
42.047234
95.589990
1.236180
42.178761
105.511784
16.264395
44.918027
149.266631
21.452466
52.920442
84.430961
298.638050
1.358019
93.256619
384.532197
54.287382
41.403690
13.071986
22.282008
56.717590
131.400963
92.182870
1.863361
57.377568
79.924023
2.746526
28.762828
342.433839
23.921386
72.725373
71.738367
28.439111
18.454233
1.236180
33.220904
54.461054
151.072969
198.652039
138.356939
49.709459
88.979704
53.751794
48.933136
4.074776
47.850696
107.297845
110.242385
490.799002
116.377756
51.867069
208.897517
16.967503
21.264806
151.573416
107.559228
37.015575
244.167652
68.481010
67.929500
95.137929
21.498060
17.596892
11.963998
147.277041
473.723168
131.476391
123.048778
105.750168
235.404417
41.695285
441.453952
11.999963
429.296434
1.599920
129.628662
74.682770
258.350656
22.824258
84.587941
115.776158
14.187901
24.705935
48.752128
156.662165
23.211198
42.881871
15.967292
16.240624
89.074793
108.547132
209.980678
128.672322
56.155133
4.223537
105.183524
30.902718
57.796345
138.104452
1.873053
71.038760
59.679124
52.381237
90.919011
15.217085
232.228872
434.713688
22.365949
42.754416
28.244751
25.176740
109.641254
28.582402
37.682443
145.081159
156.375995
58.392136
13.539012
34.340846
100.350893
1.256856
157.324560
720.124313
257.355227
5.932319
76.687594
72.816684
6.901274
177.143450
36.359037
97.344541
18.079368
29.764827
103.978071
558.048578
110.403571
63.415625
26.046848
96.792145
61.658014
137.042164
23.176321
1.217963
13.005755
6.782768
56.828195
46.128274
478.724846
108.344419
15.946639
23.427969
132.545123
77.893269
215.949512
384.186395
1.937887
358.102417
346.229531
3.900152
178.993923
53.229351
43.915837
207.934543
603.615197
35.721185
22.400735
14.732811
573.276618
118.101703
1.173819
31.507145
162.376174
16.636321
45.463063
16.474445
70.671179
33.269188
263.386214
117.412667
52.541704
63.401290
5.585384
65.757466
1.255146
17.754907
43.519061
119.399574
45.784722
230.103938
51.123793
65.485080
42.939076
18.988448
196.863330
82.362333
80.870267
40.087470
24.602609
110.481440
74.809994
6.489715
90.155126
37.345973
279.895461
97.266899
21.420307
278.061828
6.321144
29.763048
30.560396
297.328295
42.387628
40.493925
327.530124
282.290081
109.767378
64.797599
358.786864
134.952031
22.816314
65.548684
310.165013
16.000887
13.644201
16.831455
81.290698
16.900932
14.557905
20.578583
32.127150
107.100589
47.053071
118.960032
63.493228
106.730025
113.092520
246.686410
18.121772
473.724457
180.885847
79.826264
58.282363
16.112154
227.441606
123.913807
6.686956
27.464835
437.977675
20.106989
72.383915
96.599357
199.375617
20.902166
214.131061
151.143609
80.315512
81.519803
233.362067
29.238823
49.855338
300.498470
1.525824
48.871338
171.661946
51.030739
75.464054
84.510179
189.246040
317.748747
195.499467
25.445678
49.261337
40.141023
47.219247
86.065034
53.804819
106.757155
620.704681
13.600643
49.593129
25.889976
15.494007
56.026596
54.733541
44.562273
62.219759
38.883483
532.928878
25.386747
121.350881
116.872932
40.800495
125.711357
245.780123
102.290571
266.179761
151.045597
82.476865
237.522206
37.739330
12.798610
33.667871
216.526249
344.947927
127.630981
49.082827
21.700830
40.685475
288.942547
318.986326
127.128333
86.852070
37.596071
316.951925
1.236180
57.289325
23.697362
105.285557
30.186615
19.942982
59.545766
34.908195
617.041664
19.508282
42.740267
18.028287
73.431335
23.154068
30.778810
82.215910
56.814636
47.266110
24.758879
21.244306
73.920169
48.835896
5.107220
70.576916
26.857384
78.391427
176.761379
12.328019
143.894584
5.574672
56.009127
42.354096
7.025776
17.987546
131.235126
46.833574
7.116583
12.063018
5.929959
60.396509
138.284827
37.163603
211.612472
190.767034
281.772828
177.070649
150.233695
107.046009
61.107150
16.078674
92.237634
286.597665
157.086578
2.489391
1.564692
102.626767
98.832218
98.273608
323.569018
80.260777
94.307271
62.982298
6.711066
205.108702
11.467571
45.737074
44.484827
68.863911
60.969911
154.822525
63.719475
99.258251
57.980070
190.258737
222.329797
64.481328
55.603592
21.456881
27.830281
52.920509
77.024363
134.663937
85.230819
214.086328
235.634454
225.029857
26.199636
13.439264
135.857615
5.850395
62.887565
14.407074
51.687505
29.130633
6.705508
173.998544
1.173819
80.192541
64.413290
102.396362
309.479458
392.089259
97.132573
18.677530
11.910848
16.417071
585.966541
23.273003
322.194714
137.877900
27.457452
210.824658
13.574052
14.494492
17.352578
551.817973
3.025728
32.281981
88.433844
14.043297
181.367465
12.580012
79.616026
25.179353
83.728080
25.220684
405.662866
280.470590
43.846957
28.109495
34.496771
32.312788
87.124978
58.714145
124.312664
167.542504
73.197538
16.020442
67.860308
295.044815
74.425413
261.723669
32.217016
77.430941
56.499430
16.606066
129.996221
103.485914
58.994113
85.865398
93.815760
74.404163
21.285115
221.441391
393.541112
33.982159
55.169191
137.070528
175.276135
184.899192
26.648465
7.206672
160.421941
499.632655
83.385190
1.217963
22.361363
35.429093
496.247176
11.841690
17.954034
107.853839
49.251622
47.119272
321.100054
61.897941
39.381899
62.322782
1.208117
142.157563
57.642331
108.668625
174.775161
25.051777
50.841968
12.193663
133.212877
190.802794
12.466386
7.805606
22.390504
71.972825
63.592682
25.742052
291.357208
65.008392
39.794484
13.548192
160.061848
16.067344
1.848541
49.286406
135.379240
50.491058
165.023653
56.776541
134.885391
114.232151
1.926031
12.371475
17.507661
145.626187
164.148369
243.148902
150.855494
2.382848
3.231841
203.993499
523.653012
25.361108
70.192622
22.639264
115.122294
188.940359
1.937887
135.849917
62.012850
16.411096
78.437150
27.244684
73.762334
22.993041
162.442750
185.156277
19.435697
103.715447
21.431826
33.097110
248.728966
50.850794
223.816313
33.381303
17.136223
763.845233
75.339691
137.278888
197.497066
42.926961
26.421096
1.570427
12.933040
112.029985
137.479762
58.852790
3.099903
79.873565
25.820060
36.217751
63.121925
64.591093
36.560279
12.779303
273.915641
125.616120
112.099044
94.709646
547.203312
27.047368
75.823514
163.813085
2.402580
132.191138
222.871663
202.835390
347.700483
12.643311
225.629779
11.772382
532.580728
34.250768
28.247373
141.703486
48.673268
49.924747
110.170116
2.864049
60.305747
185.719650
52.027946
224.108976
64.170149
33.997583
64.653309
17.231917
157.039508
39.413357
17.197760
240.889531
121.821122
106.523267
37.903803
157.700087
1.576788
55.693413
74.625160
62.326349
228.137475
48.190054
11.773996
679.594422
123.799249
30.442070
5.344353
25.322665
230.299554
55.984620
19.614584
164.840367
75.723628
130.340335
270.199989
167.894567
122.987539
54.189213
276.651709
45.303550
76.003958
521.068630
97.375241
76.232581
344.368946
19.659952
59.912976
223.971158
20.447805
14.203863
71.368431
12.316542
168.005626
70.643018
108.324130
19.895535
269.978888
16.457981
80.554729
15.621298
71.191906
12.051544
198.706396
31.760185
14.092177
6.000999
61.658135
12.863639
45.871683
43.670702
64.205906
1.980594
51.566244
165.121732
91.975676
47.262045
126.520487
196.900773
69.631029
19.431688
52.872744
192.835644
96.601140
33.397624
24.735053
69.107880
24.437089
81.463074
118.767414
42.241907
129.884053
44.238145
29.968291
6.321144
245.389085
26.379978
24.727886
5.349405
155.553666
1.297461
391.101260
120.085305
281.800432
79.351224
63.754155
57.153230
107.349488
50.539240
103.479979
25.701596
19.627835
25.022678
20.098782
128.268122
67.812861
214.711459
42.236526
62.200647
15.969214
126.167901
176.089867
35.513912
59.539353
82.544003
216.186814
26.021157
14.811538
11.997577
2.057358
22.893396
16.401875
85.900475
83.778853
25.854432
36.341905
6.753597
24.462381
355.260378
78.524231
6.984640
176.824527
71.438496
63.176802
285.638697
102.155085
25.507379
49.414541
94.119104
505.637249
58.101848
220.504159
91.727198
40.934789
19.899495
59.821150
44.227918
106.279852
75.905458
54.840549
47.543369
44.572489
11.354203
72.449911
51.790717
36.842570
19.508282
21.030640
65.961456
263.559420
84.592270
304.660685
83.549715
32.598660
126.117239
479.886951
32.091692
1.926031
63.409603
3.148304
134.932136
1.236949
42.132449
20.417171
340.169675
52.648565
99.132352
13.764961
113.273336
46.949500
40.252228
72.985231
36.694935
44.418825
174.419914
67.849065
2.352671
93.397050
237.469202
29.333616
145.831839
146.333369
23.181483
74.720271
187.675330
511.962850
39.071372
363.440761
24.581024
65.912994
18.904072
92.747653
16.926466
45.021582
37.573476
306.324413
137.419051
14.893862
70.922304
367.151006
54.567170
256.786286
13.711112
36.808447
218.685270
50.383529
7.025776
66.357745
21.001843
442.111484
57.358529
86.589993
199.704260
38.588660
12.437635
300.166200
105.550112
356.078624
101.085065
156.776736
214.251253
6.205543
320.483760
35.540879
76.177965
106.821632
25.210326
487.252763
13.401348
1.237764
160.851205
54.802241
54.852425
41.289570
85.359209
210.078388
1.185834
51.654048
64.357169
339.028013
72.208799
50.051304
28.945667
34.867557
69.254675
93.150564
5.309743
30.986203
115.965285
31.984765
19.680303
283.133997
55.633720
181.853497
154.101983
37.505779
29.546879
75.471020
34.474443
305.787998
22.578289
62.003128
435.138703
144.763315
20.947521
64.126104
41.869585
27.590386
23.562299
100.432435
431.385682
45.128605
266.720576
119.920044
45.631016
6.278752
149.924715
26.565940
45.831930
27.202869
169.767405
38.080238
72.978672
29.446764
267.068589
210.479949
54.480150
186.739354
28.349010
159.274966
20.435643
89.828338
256.780809
116.062769
256.329473
104.109645
93.067232
1.173819
111.258392
32.919132
69.510502
164.788163
231.804741
59.061279
184.512122
16.882434
20.055645
14.509771
11.724358
483.162948
203.720273
66.337202
81.077624
112.325152
263.608051
311.070027
49.600973
98.773623
82.186706
55.439501
5.647367
231.713026
8.963789
16.020048
2.352671
18.945315
84.074396
18.965924
104.985138
295.333215
55.450567
20.959368
117.755096
41.561970
38.258505
15.777531
2.362933
535.687269
14.065393
99.864176
104.520905
57.381012
78.797011
45.919367
72.741591
34.177542
295.269650
90.345155
490.508837
290.918387
17.499967
36.841443
93.792321
579.217825
111.072962
76.768410
227.604738
67.799728
34.328573
13.890039
110.333551
103.447976
389.650067
248.680612
550.568260
18.624340
128.951076
290.216301
73.398354
24.401643
196.874014
20.461919
24.054428
41.789053
67.708485
161.905326
60.689261
131.256949
59.032313
49.145337
19.779890
49.332996
271.232434
39.045306
228.011094
67.004423
5.490281
5.938322
11.051692
17.413314
46.668052
302.456108
14.222864
75.708520
34.195045
118.913627
21.896958
133.914604
144.902099
87.069220
97.862487
54.179329
39.003551
95.325207
651.479340
60.523875
135.466455
161.055533
18.636745
769.323097
360.497109
339.729532
2.016833
34.180089
21.488219
61.959692
65.242911
33.144871
238.574477
19.457700
46.092987
176.567688
82.325727
4.135098
29.090877
26.646275
142.827953
203.340906
55.927277
15.956537
20.628946
37.149099
84.560521
215.588514
22.618010
39.543362
199.720650
57.820417
285.596215
1.599920
20.458184
72.818069
222.071755
43.445640
160.470472
18.242711
28.017114
4.134901
122.823998
222.557761
3.858351
7.025776
108.907305
30.895384
216.694948
44.082217
89.621899
1.171917
49.727162
32.812418
37.557694
309.357082
156.512324
12.590171
219.489451
214.812655
35.048217
28.553779
220.776330
171.704596
155.883170
42.884162
23.324256
249.019431
131.492435
161.631014
112.967999
255.624111
66.982461
91.173191
220.541930
12.978397
55.073537
225.470749
34.830789
352.002400
5.722251
30.924824
85.754343
78.349962
14.708181
17.542698
57.565275
240.763176
12.750115
34.919221
33.860624
277.522110
34.087864
348.652480
30.422265
273.558572
143.113578
61.585405
190.115042
186.629133
18.316596
25.593508
137.440581
119.901900
139.243128
91.573407
345.675529
23.746485
33.089614
121.395925
253.351721
122.154239
9.908379
30.238075
244.812812
62.272819
74.920731
93.588676
67.594741
19.722007
42.032757
2.112000
1.292754
75.757782
105.946551
80.580526
21.071513
2.116102
22.425905
33.002237
241.395233
45.674677
134.133610
19.035370
20.032651
24.105918
38.667232
52.431620
25.955113
1.236949
200.922112
116.577147
203.679391
433.901486
10.887594
38.216822
25.010427
25.138778
35.656113
525.654261
89.635723
25.561024
31.943341
7.944240
463.593006
142.984248
105.105440
23.691409
23.770242
174.641508
36.244407
404.039154
12.491057
271.993240
37.034869
132.476846
354.407988
51.979288
132.984392
169.154445
400.495207
18.682207
101.890001
224.898624
20.041728
218.623664
154.760586
180.891989
215.052774
83.457918
98.940302
128.259815
102.862014
75.953726
56.974557
840.714697
96.428634
141.635170
168.717717
31.605442
114.124946
502.112808
42.093438
58.233804
18.015857
88.517650
26.072724
20.923994
28.762186
116.696662
13.016538
17.104238
30.718587
528.582583
38.661304
173.004098
166.504173
32.408146
340.125588
45.730188
68.487831
41.298826
416.847357
6.321144
102.629689
82.629174
161.756070
7.736275
110.719982
137.574322
192.287311
43.938135
111.736615
379.546975
38.660357
334.710722
80.708351
108.136205
147.935217
120.733205
67.148876
265.737009
202.190464
63.719607
333.182024
97.463543
199.132965
175.911038
92.867036
92.198632
49.494415
15.736831
39.814443
43.924461
16.097874
371.549640
44.059565
447.445139
201.594291
45.510746
186.664824
74.681923
150.661828
1.429734
138.743536
32.215920
119.540618
141.873902
22.045640
12.072502
125.153346
151.571197
84.384566
26.834768
61.691468
26.546736
127.666770
30.379291
280.363169
235.204974
19.979635
119.704377
1.713690
15.722445
54.667395
20.078500
101.247775
144.265453
27.231314
137.379001
209.794843
33.301685
25.033513
423.985432
14.382285
20.102107
115.616346
404.737630
34.077095
203.630437
303.818283
30.132966
72.675559
40.137966
43.902051
19.727392
48.364423
35.100231
28.139005
21.728374
5.999657
101.751893
596.295937
42.268651
16.931005
203.042060
559.583557
129.451411
56.370776
6.017954
189.991253
301.351109
76.577672
295.246860
37.790591
34.980727
400.597714
103.485914
39.385853
5.869365
42.849328
116.606570
63.604957
23.447937
266.415929
43.778608
62.270238
97.224737
93.953783
136.326991
337.490256
16.371589
84.009418
77.632854
45.766854
103.132122
1.691531
133.031207
54.647896
90.235365
238.530527
12.051544
220.791668
67.762442
368.065476
23.329524
27.718225
61.489054
113.492795
44.658319
42.465191
123.052442
238.126268
54.522767
40.414263
61.853031
30.836331
1.450880
17.039052
67.471484
130.149310
144.714755
31.772953
137.287318
12.729133
178.788207
33.805896
422.845228
38.341265
5.287199
34.016669
21.895273
141.790185
31.054054
101.234632
51.518263
54.017067
44.600296
98.736734
61.161399
94.216887
27.875679
207.842408
216.455272
91.662319
36.560065
5.246090
122.875921
226.708538
500.414444
43.847678
33.960046
153.257576
40.027386
12.107690
95.662090
177.876056
141.134182
131.050210
121.803705
75.454217
137.165392
280.539718
28.437144
27.506824
53.243836
2.402580
341.822864
12.122366
216.691887
87.263728
51.377695
23.416502
2.112000
14.921880
16.650556
58.320044
199.885436
22.143998
76.071840
20.839684
17.390821
191.099427
21.597898
341.638657
31.047351
62.226471
72.051553
15.941566
22.988348
53.911605
46.465189
76.918002
27.452266
15.579462
159.052062
383.517678
1.236949
93.802773
113.209097
269.240881
59.745167
92.531348
104.947654
150.242264
128.245574
22.082953
201.624762
32.321899
153.951903
262.001221
13.836245
85.254992
15.185105
12.412252
32.213639
15.224975
102.548329
20.803779
31.227212
151.923860
97.025770
521.135623
3.231841
79.898743
26.973883
54.623449
472.102080
29.459009
100.002262
91.746140
27.375725
74.379430
109.876768
26.990419
34.692660
102.281910
56.043304
49.117425
25.398193
21.918289
36.463368
124.445904
78.010366
37.053061
1.724226
91.624357
69.512254
30.751881
32.085967
26.942614
17.592507
13.800721
93.788351
146.402273
13.779049
23.106277
18.472601
25.761716
52.712501
5.574672
163.262768
47.822299
75.809693
115.803112
64.480044
58.048800
38.072616
331.177424
48.949501
5.439902
11.738794
24.131209
88.197963
38.884149
14.057906
120.331664
48.321316
3.643979
143.284704
142.459632
46.584575
67.908435
135.490118
17.102461
1.713690
53.860804
116.513981
180.865191
32.279350
83.506575
108.041472
115.783437
96.062546
236.144548
38.331628
131.966749
185.304692
1.671074
117.805654
170.775354
122.467248
65.475517
2.512638
40.070489
136.347468
14.464168
11.029005
56.113109
120.400655
373.359262
28.804808
70.643869
154.304700
1.684428
40.047657
26.418885
87.368873
218.854865
165.023580
164.253830
476.687398
265.635852
47.715857
17.382101
102.400613
332.953426
34.774665
137.463846
50.490489
576.102570
146.034477
139.385113
104.237060
138.167706
66.675526
65.828613
337.405412
70.613776
157.948141
8.461521
1.274754
163.711185
59.037020
120.599482
379.829923
68.489519
17.935927
26.404854
19.705387
495.594930
60.276310
190.316205
158.592566
216.968320
302.416032
17.352578
62.236323
40.848553
33.651355
125.993257
94.922202
58.587544
2.826572
377.638323
176.724051
3.273291
87.618460
93.051672
192.486477
144.937406
410.677351
14.732234
69.763709
136.989389
114.709161
20.418737
95.143818
5.344353
33.906036
476.074539
50.353595
97.942667
213.496903
213.552099
75.971149
53.625207
30.817896
88.969286
59.640044
188.898128
102.297285
1.171917
72.024777
114.883533
226.217565
97.548432
22.645977
14.159068
131.886581
56.378201
38.783095
170.959908
206.359032
119.871710
16.053441
146.441585
89.337086
66.646319
38.676608
112.024042
19.727392
66.415591
21.133113
120.265570
301.844023
48.142874
66.067672
357.870225
26.456667
30.386796
85.381839
35.874358
34.209185
30.424605
19.298849
364.498308
148.386793
81.592649
275.085915
97.970597
81.917572
28.721656
137.845391
166.850678
223.111794
17.805869
171.317985
57.394767
74.504064
577.634556
44.654547
143.405969
58.552106
235.816234
12.179916
653.303466
37.635679
16.083666
12.060052
13.612291
1.570427
279.375607
16.604961
210.678042
318.202582
16.567592
115.983986
216.168031
21.153738
605.778190
81.553021
480.475861
329.774709
392.582445
72.755424
23.758687
12.422909
21.951483
21.644559
178.730704
103.850775
234.552801
14.135891
137.531308
93.600552
122.555685
148.617508
12.536013
32.038184
19.725041
110.194710
79.652104
45.732476
195.077425
34.259151
48.661078
60.270964
46.031692
342.872284
218.455007
369.540919
24.785087
11.868326
54.908668
2.346430
74.957253
1.643304
25.805779
153.611202
37.279108
29.577683
272.453876
35.841945
44.143432
133.313716
24.789865
555.947335
214.032970
130.580006
2.785542
128.492444
27.593951
54.234828
367.436627
87.162418
133.954266
367.735244
31.762229
16.761851
155.292125
35.637887
36.939591
107.682400
33.107938
20.151764
1.863361
149.761919
46.262489
24.870102
925.280677
166.138047
84.632751
70.584708
49.512063
60.112095
91.094595
81.508126
130.853130
19.339313
41.405076
29.042253
373.644912
567.292292
2.471256
71.917532
27.137316
113.200725
50.626507
24.405264
487.816796
20.148551
23.395458
35.942110
40.007798
20.049924
17.870440
10.843343
31.393663
16.615922
32.761678
53.647716
25.390492
122.048622
7.108948
21.504181
43.920901
29.825135
28.542520
77.221672
69.685523
36.374920
12.041714
12.568245
29.678832
288.587409
42.872156
211.774275
137.054811
100.932982
161.754075
111.008495
690.252561
307.216778
89.383344
134.722863
90.740229
176.565059
46.089704
138.013960
17.855118
396.594421
182.324676
97.051464
125.201988
27.161670
47.125271
37.409087
195.338727
55.647415
20.330723
22.997532
1.255146
16.033810
72.601730
14.108198
35.627815
36.744755
70.370494
68.422460
20.556678
121.888269
51.710539
13.711179
19.673055
118.604348
77.146461
94.643211
1.525824
50.571112
100.195112
18.129204
22.949625
22.630064
13.454037
90.192013
160.391976
53.721684
434.537498
54.494650
8.916308
17.961594
609.409090
24.521538
42.966377
129.374777
208.442489
56.685868
1.242169
15.826094
52.975047
509.047244
562.897053
1.255146
12.047817
281.256164
266.498163
16.851863
515.195843
533.016742
87.873528
13.750144
29.796997
50.872600
577.196247
78.061403
27.744560
200.126020
247.646014
120.185478
87.820881
54.025293
124.541819
124.311263
303.333879
158.238959
84.456472
240.130634
43.170192
36.236116
47.992095
72.254813
153.855139
23.582607
193.626145
90.461779
130.648810
1.639725
250.227440
56.899973
369.809602
183.834210
7.232554
12.348775
112.468390
70.788786
45.561907
325.528155
236.869469
305.308797
60.511391
42.838750
43.407382
2.057358
54.493598
79.948048
278.257076
25.139031
149.842344
24.663544
441.335136
48.108110
15.235788
65.243507
159.109222
27.429332
15.460088
1.355653
34.178296
16.009531
127.493390
1.450880
29.197714
38.788463
3.099903
13.020107
147.313049
19.768515
87.508988
43.206590
46.635461
53.921943
18.948034
79.376138
40.349414
52.225275
280.858371
174.434535
57.718850
16.670410
69.465741
113.638300
32.479819
40.328189
1.236949
270.745666
44.817171
261.990465
39.082434
13.393397
27.196513
104.787311
50.112424
23.931217
127.663510
143.139203
34.752996
24.495936
32.629250
30.917992
1.926031
102.933666
80.988334
1.173819
183.854543
120.428869
52.049549
2.402580
53.001092
157.934420
2.346430
24.536455
184.994515
151.792327
125.143694
214.569013
1.171917
257.088346
170.346574
17.023508
233.119891
33.705389
156.687095
21.885131
102.698739
61.752902
54.545654
31.238367
364.861807
103.243416
121.971892
21.417547
16.362973
1.574616
6.711066
62.636013
27.000356
269.266044
5.280894
11.829601
30.860296
91.181122
128.455059
39.215515
33.089528
35.991116
38.328632
109.114171
123.052438
22.945743
131.879315
67.745999
44.369845
235.348319
222.206135
69.605700
51.594088
69.310518
31.163513
28.796760
93.799193
99.749455
54.719959
166.742119
90.374413
51.120472
279.671459
7.846794
46.233179
212.113526
556.654662
128.201329
35.405554
39.456637
18.188635
4.868188
87.640074
22.168628
4.492977
57.348145
46.074339
130.160274
68.775500
17.706930
156.801825
522.848987
262.361374
35.538062
240.339653
27.710009
40.119958
34.782066
227.968714
104.625548
33.238949
28.061100
19.236471
92.355831
22.450010
91.801956
43.138864
25.586795
78.954416
39.671636
26.387746
1.911722
5.059130
126.181978
2.663909
221.083877
49.709459
316.622675
195.809088
42.568963
165.301727
268.710763
477.018692
51.217244
182.671756
389.826169
105.895392
11.442477
62.044174
58.785086
79.121760
65.536978
100.046076
193.747585
16.154118
20.367340
251.245945
86.866755
140.542541
44.374247
2.352671
75.946940
91.139325
179.839430
41.521971
139.704397
839.250980
74.087477
29.486176
12.550797
5.678882
2.959393
392.815655
226.789831
104.811799
117.710938
2.116187
201.662795
187.851923
38.174781
2.725668
158.143124
303.752236
7.042512
181.223672
162.830523
31.862836
156.832067
159.433378
273.547646
46.921491
79.068389
30.335934
324.505589
50.040100
342.890940
1.579102
85.159267
176.102272
17.758034
216.103054
89.328801
34.624612
107.455749
39.895050
115.900595
18.376954
31.567972
79.822159
486.665012
149.111645
32.201276
154.734997
140.170354
26.612026
31.465762
17.404582
129.392740
458.816071
48.073469
33.471353
209.591956
239.854936
34.377085
47.924377
78.118478
303.117875
68.918010
29.007487
1.236180
122.867315
41.262464
245.753230
100.602023
578.902011
22.018730
33.794170
94.336589
3.231841
75.694959
29.235086
23.895922
27.987410
19.926256
79.382512
33.563388
140.548240
70.070291
26.551721
116.130249
71.110296
135.102568
36.837378
172.968425
330.025170
1.237764
97.494381
45.078612
176.871521
101.450364
1.255146
30.515094
20.020240
81.180096
13.387473
124.681268
158.435466
1.980594
234.805998
176.435975
32.235262
180.006413
261.783482
38.292161
127.504838
50.358624
61.804536
28.366894
221.811483
34.381822
249.262628
266.822876
19.462974
161.608334
127.444605
28.233071
79.704767
215.288408
67.915454
12.251009
227.166437
60.824816
4.578672
283.757672
12.317729
134.477210
2.286752
267.664762
126.885058
524.264070
1.386059
16.698500
1.355653
177.833041
152.145135
309.173051
165.500510
82.316893
71.468227
139.414377
197.971677
18.982577
79.988074
1.256856
42.535636
41.858905
60.463701
6.186139
254.858572
30.071737
151.418987
448.375063
30.278708
63.576811
25.903697
505.587294
32.244015
30.390334
129.957636
41.403690
47.191156
122.260519
23.256308
77.800566
47.574216
41.808091
107.623336
23.924153
51.752644
260.827194
63.684203
63.002316
26.170329
39.070462
35.757394
100.002262
21.340213
38.652414
38.327715
44.623714
6.297047
2.864049
24.398123
23.607251
65.456202
69.106085
304.086797
122.710453
105.946551
59.626117
38.518694
23.901075
1.848541
99.557118
28.119735
54.652400
31.497138
13.087824
27.278532
133.917732
264.378567
35.396238
38.347999
17.491748
341.257930
27.912886
7.097476
43.618064
143.566017
104.518162
63.112059
44.327794
30.353282
156.743981
7.394215
75.626165
42.057710
28.729016
46.457058
43.656991
61.317677
145.828450
16.996787
48.126051
87.497616
98.410540
43.080316
20.296452
187.139242
34.889333
64.907524
51.786229
1.305498
149.423012
101.659864
148.235909
30.566727
153.985263
24.114127
1.236180
20.513252
40.239344
25.038814
46.253252
39.372439
45.876061
363.827888
12.607359
47.014775
24.182025
1.666162
51.640083
107.750408
24.438976
73.761378
7.120458
169.689961
2.047595
37.290281
29.417704
46.600542
124.597486
25.862343
16.749655
30.585617
21.164838
209.072545
308.324531
12.038217
16.595544
43.670736
1.360620
17.994189
25.822784
24.651180
53.707830
131.415508
46.452888
354.999833
52.964088
64.651725
21.022933
180.891879
187.137786
378.384697
16.638810
99.483617
78.148816
167.470187
45.781833
49.462227
55.765704
15.900546
77.071059
68.626416
70.125870
27.559569
11.150672
37.489998
63.777304
34.994312
23.134968
22.373369
771.257259
418.442258
16.957682
19.437741
28.000460
21.824384
43.733476
38.812010
22.162787
29.336531
404.015101
133.986023
3.161017
26.066140
64.373930
220.304658
40.086679
47.953329
65.961391
138.944029
91.249601
231.472077
12.271901
32.232299
74.105527
332.763232
182.221083
32.497672
178.181859
85.904606
66.196667
35.066782
78.731780
11.594489
29.735693
16.631429
49.766509
254.503593
76.605039
285.847332
174.418006
152.259527
66.879629
157.852904
26.601211
305.264781
26.940288
357.055743
6.205543
94.542144
226.740700
39.179844
110.985048
45.331588
33.754583
14.594279
1.171917
26.869512
2.512638
117.387298
77.494081
62.139948
149.931154
59.191912
15.354492
123.250442
67.647313
42.578816
170.933604
18.717287
7.206672
18.638929
396.036510
5.585384
185.822500
5.932319
124.181730
136.603468
34.770223
28.942193
107.302475
20.575408
64.185440
392.599436
196.421243
60.307215
124.856494
172.209293
52.237788
71.917912
246.708898
33.483923
28.623332
20.670327
206.317599
29.382902
93.874853
334.711317
5.999657
17.839604
35.555022
216.771656
15.644126
142.426574
62.659876
52.724855
115.739850
64.476724
406.562576
1.564692
16.278617
80.818049
234.675911
47.998862
44.972500
27.395730
126.308096
1.273060
135.251449
267.609771
46.866358
44.911520
12.422909
245.133227
26.717191
137.859481
31.520957
93.429935
138.348957
37.404098
31.760964
45.344913
23.801307
16.844348
96.854534
104.086564
223.180728
118.810217
30.756884
401.654012
39.957584
4.308863
82.771175
72.789754
40.052309
392.068941
136.643035
34.946361
39.509366
70.730618
17.169891
17.344216
247.392028
180.315487
3.857721
387.866133
85.692115
220.451866
47.228965
12.063995
49.690126
252.021347
45.485021
11.094652
233.857627
109.700737
36.995022
11.354767
54.766376
43.301351
101.690493
139.021095
255.312809
73.993772
396.626914
91.199931
469.068933
321.263891
48.950156
340.060137
1.237764
96.102346
35.717908
3.562605
114.024431
133.574493
176.658253
78.567607
116.946523
94.980434
3.148304
46.885093
6.617801
169.755947
32.493587
20.060496
155.051560
15.921826
496.707002
37.855335
54.974030
45.401967
102.358964
72.342745
128.782730
306.552409
25.414547
14.874972
187.023881
41.639062
1.639725
122.704576
249.107641
142.967482
101.781659
20.924786
154.442343
33.010653
193.297698
53.170576
193.241843
108.558975
112.105562
19.262549
1.236180
14.121733
67.856108
180.507938
582.158808
23.983574
511.880772
191.285981
30.483754
767.446099
125.813182
92.936642
215.053288
224.020410
84.770073
29.682252
12.027616
25.860518
54.968263
71.443641
19.571252
14.745317
196.352850
21.976186
110.503580
22.445710
141.643210
15.899312
92.995399
173.938136
25.385441
38.583995
50.870931
76.158294
312.564979
114.196290
163.242393
41.189221
1.937887
78.704183
130.210664
198.077100
199.674109
66.279199
32.367723
12.661491
36.521679
47.414705
80.362506
198.439887
142.034242
107.058144
22.076782
44.468088
249.917378
281.251698
51.075405
187.559173
51.155715
57.995403
23.204802
52.698309
149.663510
291.012573
85.902456
100.498208
532.668398
17.413295
555.166963
102.990010
189.574136
214.533592
71.910684
88.754021
110.946905
33.289253
25.463974
77.382264
52.202070
5.600306
64.580297
90.321411
38.011247
52.953341
69.561533
17.957927
29.308174
1.937887
206.155126
31.465329
277.093939
396.707437
83.581080
95.233801
120.320943
658.939646
23.416377
118.393613
57.441498
29.070248
150.243404
210.788119
31.165384
321.017174
56.093556
106.163424
6.101293
89.399040
37.622013
13.387473
31.620527
41.444657
49.259820
64.831197
30.086477
11.187799
1.565933
23.676419
77.871404
36.910739
22.660484
23.474526
32.409219
38.954300
117.483295
151.710770
21.588490
13.206616
111.662609
138.778211
79.203006
38.895335
151.815077
180.198477
259.291025
51.870671
30.847116
27.487653
38.063158
17.786628
163.700741
1.358019
34.556879
117.233555
318.528397
129.559660
141.414352
154.363345
153.154177
27.467645
39.548257
1.361935
43.338156
226.627509
130.306940
73.782057
13.013182
6.929790
18.580002
34.547091
86.426335
226.351206
70.771530
36.130862
13.053097
66.801068
20.689648
20.069302
80.278997
120.426136
88.475723
126.299840
23.173841
171.248927
205.218664
24.323738
47.202731
57.951495
47.484195
44.949798
88.345334
21.645936
13.916537
50.722932
55.215634
24.604866
42.981092
40.876659
30.484844
33.450043
12.212482
138.151730
209.477354
239.169384
45.330170
82.531969
20.798494
35.258138
16.633082
89.689388
59.416518
80.853680
45.401481
96.427851
37.545062
50.371038
75.141408
3.187666
141.061231
104.522774
87.275358
22.953412
15.588034
83.128014
14.139280
432.349255
18.887894
142.017061
169.256928
34.876929
70.268665
33.249614
21.058111
4.333446
70.892334
429.796475
198.607471
25.169959
210.354219
199.526154
200.407548
45.783585
146.031953
51.360386
101.266950
75.841903
16.324967
43.892532
51.230091
89.050220
18.869546
5.574672
69.975917
280.227685
67.397908
350.754385
157.850984
69.855857
157.544415
596.519916
46.055045
5.490281
133.172552
83.628003
150.275226
27.507179
19.895535
19.859087
98.479053
211.501530
495.934436
395.698544
6.321144
188.001473
59.546639
85.579469
56.932042
857.796927
5.585384
471.110043
216.024234
49.825530
32.338978
32.823042
196.655422
20.901083
456.769405
19.851828
13.507268
57.937649
101.719018
49.278519
30.211933
66.754764
74.709135
14.932130
39.033000
41.525546
68.250235
346.081629
19.848981
157.134151
12.439347
248.200611
201.703768
27.263963
23.081057
45.566206
54.979790
93.152958
5.287199
102.275046
19.633454
28.579885
51.780027
93.013613
41.311075
4.470594
37.982140
68.320348
161.675690
199.968460
20.006185
35.680176
14.836444
358.240710
237.647558
46.108229
50.788673
269.088780
88.252085
199.568321
38.091804
197.084592
37.422369
75.898616
123.580871
113.034057
109.844573
19.232343
109.998175
1.185834
37.884456
158.495233
526.909854
38.775347
42.862340
286.296016
218.534162
88.243399
51.984519
55.597710
113.641890
570.320521
915.605661
3.067752
257.711172
144.520819
42.981092
342.572475
318.725065
25.483291
379.779464
16.341969
45.483189
1.564692
66.166103
206.057391
19.991406
54.192712
57.636158
77.419665
166.895507
130.884636
1.185834
48.511367
27.857098
174.494023
25.864495
31.693650
130.853130
5.779196
21.756323
22.144566
73.239301
114.572882
30.611926
53.839316
19.285959
19.735122
5.280894
3.900152
8.877530
98.074499
37.430507
4.143051
200.380367
24.245074
37.947457
4.428291
4.578672
7.707879
2.489391
1.361935
415.678001
113.484402
116.812421
198.223043
187.649602
39.919467
263.962752
79.553105
328.703450
19.431688
16.589989
44.513715
140.746765
126.638514
89.947452
73.410470
24.209496
23.081429
252.658427
32.225675
107.368682
168.977111
19.431688
21.952792
145.768918
2.512638
145.360523
4.815627
214.318795
175.051805
30.550010
236.468304
19.907600
150.942825
36.094561
47.168128
48.066072
207.683179
16.748164
12.043750
52.421984
12.179916
76.795959
222.890265
396.362231
62.565917
1.185834
75.997944
40.220949
32.842067
21.395353
38.660965
184.993493
145.422774
199.720074
268.286453
1.171917
117.000398
88.214440
192.702132
208.697680
423.634808
32.690650
11.708025
267.534712
15.754210
126.265542
102.765902
170.850699
17.611208
59.755908
42.516994
116.349612
28.086221
59.282229
142.096203
4.815627
1.525824
163.850023
18.793963
202.154176
12.590420
119.790204
26.578965
74.470961
15.543904
64.046757
48.440082
40.216143
12.600754
95.246150
25.893427
224.887403
58.973518
37.152619
30.942668
1.236180
83.594450
112.962713
22.150190
34.523803
832.496567
336.319654
128.162689
22.700262
22.657516
35.804620
46.370710
11.677373
30.235452
79.833551
16.776561
85.519532
226.410649
15.599053
1.208117
64.193078
66.632276
82.562141
496.672492
29.120489
169.527506
68.941128
56.954765
68.583688
74.310079
95.842449
65.034457
68.926953
91.050093
376.545234
125.839288
23.299444
13.275909
21.881282
13.112521
124.106171
15.967292
70.621288
288.215485
347.956200
343.538842
5.974313
71.172016
229.018394
14.760132
109.973557
185.959942
59.455530
129.870394
146.430053
639.216670
76.322687
262.546637
195.629728
104.080722
81.619258
28.378354
16.694863
90.812330
96.390575
197.409267
218.097246
20.559998
66.213906
48.482726
1.617580
78.274506
15.620824
155.805553
13.879743
339.972254
118.442530
18.328001
44.197359
80.462827
124.480190
55.265111
112.511343
249.419169
192.723832
121.727608
38.772813
245.772265
52.384755
197.724367
46.931314
55.275500
46.388774
11.409491
14.643061
251.376206
95.367148
301.423131
135.259966
231.300421
113.975010
439.921283
172.167254
57.866121
17.167320
28.467920
118.221896
33.533675
113.841381
25.935699
36.567711
66.300603
71.618580
138.977113
201.594373
126.127305
37.737652
1.565933
59.119058
262.754052
250.018611
33.789057
39.229777
128.176543
23.915661
123.085936
213.910905
29.982150
117.563432
530.897908
182.342626
86.193664
19.774143
148.797746
175.624273
139.933217
16.530722
13.302954
41.271698
38.151938
42.043027
1.173819
12.820447
152.561757
44.896786
28.823475
140.316366
220.497919
164.395886
116.634787
102.729757
73.225284
46.109167
2.352671
31.445790
322.219208
1.354069
25.831740
151.823471
95.129531
176.282152
76.594131
19.417912
43.348229
33.803189
69.493438
61.968538
137.876822
35.607542
91.752627
1.525824
240.775351
28.555349
95.579986
13.427264
269.457934
187.803744
32.118659
233.753582
111.715783
47.039476
78.612368
83.785217
86.550505
264.081649
718.885686
479.853899
666.310644
25.010547
52.082189
15.389996
667.674807
1.237764
129.428553
11.955680
84.856089
37.799675
126.308683
98.793354
5.280894
115.612752
78.721239
194.328867
7.539601
29.795660
293.236316
365.363251
221.464397
70.032483
78.978871
21.618728
181.514477
1.255146
87.424209
50.034687
52.167967
155.611466
252.717869
30.052698
21.932130
41.050387
363.768145
317.279710
5.612235
19.421866
82.157421
84.402261
39.781931
29.503971
101.873716
85.947868
27.510603
135.371920
204.326922
182.030715
45.577223
12.348775
52.374453
61.131515
28.925022
168.261386
120.138970
115.933020
58.138243
16.315331
157.886310
22.535187
74.309947
2.016833
106.885377
59.068836
79.786270
214.583265
26.816233
32.783761
99.248993
210.914309
110.641076
39.448646
111.196203
29.447618
237.223437
140.432145
129.393766
38.996077
192.093191
2.725668
134.905552
208.220330
523.661696
180.375504
29.788362
155.768094
86.745163
307.771694
119.806206
353.398955
6.300704
28.283495
94.251016
92.565859
17.147059
38.257526
1.236949
131.441230
138.001328
1.173819
28.022129
119.068777
33.119814
2.471256
123.936170
112.491797
215.409777
52.819044
18.002393
27.666272
19.126028
3.862079
166.166363
65.285130
30.413547
76.553263
17.307254
48.371207
270.632267
45.802212
122.546104
88.417968
72.231368
83.066583
32.322394
43.402232
84.587630
68.227404
330.375871
15.830674
23.287148
24.009629
435.396586
41.979083
163.480226
143.135319
5.825859
5.612235
125.740938
35.715691
33.558789
160.808328
92.546092
241.546561
1.886777
22.958156
26.542127
62.909104
145.073538
110.972512
1.256856
132.347530
39.492198
176.110520
247.857006
292.973227
18.483926
301.825835
247.480275
64.952812
19.431688
2.834688
60.837619
28.624278
51.496487
153.349779
20.574636
41.524990
140.414672
126.392756
176.164452
16.307252
32.860357
47.355923
57.268123
431.046413
204.352699
126.227749
167.039227
296.605568
26.462342
27.653699
102.226900
207.478842
17.797049
47.651827
30.674099
91.881451
14.153694
461.035265
57.539860
24.720748
79.290854
25.865878
111.258158
308.784964
185.604045
20.482116
46.228273
39.681377
2.864049
347.628123
35.503483
185.309543
17.740959
93.749263
405.160382
31.001742
35.011020
695.646801
240.084440
306.459994
37.933812
252.304108
388.308866
51.666277
332.589264
255.332837
100.713347
38.687631
35.698796
24.904843
186.615743
194.077784
32.673849
37.346682
32.595881
252.495962
204.141133
43.768827
42.981092
214.528714
127.481929
99.344690
22.570034
283.259569
31.774400
116.994342
67.098774
41.193073
18.669906
117.638485
103.431505
1.255146
269.077053
1.236949
64.356002
5.474163
12.046724
30.097046
228.751564
33.801047
402.876110
107.694448
168.997594
25.531355
22.227680
15.351185
1.873053
12.747081
45.372128
95.571643
88.705139
84.180209
114.423021
23.843321
23.489991
447.819657
1.525824
15.010145
87.310676
36.670518
294.082992
72.219961
178.734792
28.776753
140.555768
206.345062
19.797782
98.240062
29.607249
488.979360
282.033812
75.557167
61.208543
27.999515
61.391661
2.489391
24.352260
51.511330
338.344242
132.385155
109.656631
159.746217
33.811353
226.850613
163.020197
85.636066
353.860322
394.323384
16.727984
27.561179
16.284004
112.112827
93.602536
35.163631
43.876168
16.086272
105.068697
190.387778
65.415316
37.715979
16.612759
68.733661
11.631138
62.487266
36.481742
135.947020
61.016551
33.542471
513.634361
199.249231
210.727291
42.855640
212.837411
109.256485
230.846543
397.582555
39.430587
43.326767
5.344353
160.924624
213.507654
45.391763
87.826965
105.025380
11.274716
164.326846
24.328585
31.634830
66.404748
205.578717
95.867025
52.191439
475.220555
138.210119
161.675091
523.105153
254.675228
17.899942
16.339835
74.010886
46.421179
54.466985
26.649120
38.780921
425.142116
21.458030
53.930480
102.939774
48.059331
47.687054
63.430309
383.542887
195.330679
108.863860
145.277304
53.933843
22.737110
18.679111
1.684428
11.867543
53.685692
86.178046
316.026343
36.279336
22.374543
200.965534
254.542064
192.843331
32.014138
1.256856
118.096968
679.610504
25.571817
334.253023
48.386345
50.879106
73.838813
44.675377
12.044390
27.903006
18.193779
474.768188
73.950621
85.914937
204.304235
130.272739
355.073457
23.684909
36.580944
123.494469
40.410605
34.346057
171.328242
180.036707
142.667323
51.030009
194.942977
113.742207
20.377145
163.780633
106.194224
13.977975
1.521239
11.976046
52.197438
218.340352
238.993846
118.093877
22.753174
18.351717
34.515373
51.166831
235.167459
416.604446
79.566047
217.989244
27.356978
51.308732
53.438931
35.139856
88.083382
230.270885
25.124821
198.011187
1.358019
2.389500
53.432274
84.025704
50.164536
40.288217
120.381102
80.863918
219.160063
1.236180
46.409378
95.211680
61.969088
153.407836
2.346430
172.561316
166.966308
12.566390
51.500007
21.394279
62.380481
37.399041
127.101342
19.740323
114.910854
30.836539
29.910049
271.358604
68.516778
28.417225
188.258786
144.535761
120.630297
57.196820
3.522814
140.940792
358.083183
45.396712
27.793775
80.615145
192.564077
156.680554
47.414600
244.965775
75.598771
679.909579
89.741127
54.787226
211.032134
157.369959
12.380885
2.402580
346.887798
37.424500
79.207774
212.014293
116.312384
32.358015
95.572742
120.539010
25.649053
31.926065
32.713812
1.574616
37.216147
179.411637
63.518546
2.402580
146.659683
38.660333
53.153609
37.075243
81.567160
24.946944
784.266348
124.887474
77.448115
503.729438
508.605970
12.046724
115.568547
23.423960
84.807348
119.227790
64.719596
41.962497
75.367863
20.261088
514.361709
63.205548
180.201466
21.145697
127.521185
13.900500
19.598414
125.554528
36.940905
167.736001
130.240337
293.663727
110.944410
179.672618
152.364691
12.333803
39.751807
134.684477
40.534807
12.046724
17.102461
43.230431
137.140896
1.217963
4.313439
207.441481
49.687605
393.416257
71.278976
118.971732
38.928013
169.099450
17.085817
52.455577
796.123145
44.143482
208.656910
127.220624
474.584705
22.144687
96.619159
86.566607
97.712805
132.382114
100.165220
21.006899
29.449927
75.899917
123.158087
113.603961
59.489755
132.080452
124.875206
18.936668
18.408336
48.534629
336.947197
57.915528
253.869314
57.384655
349.151241
409.688371
27.871707
19.784508
203.068555
170.078929
25.442857
35.901243
130.592190
285.749993
6.606071
172.449412
22.248857
11.838549
80.079996
356.156212
113.331687
58.115025
22.257204
89.627602
86.884320
53.219601
45.270411
22.620984
101.370329
35.495935
14.604289
37.256642
37.704397
15.933598
188.982236
6.278752
40.057256
40.805561
114.728392
18.067790
247.964448
480.144577
330.038723
216.332737
77.056174
209.149461
51.367065
86.796511
90.198295
496.824913
23.294386
71.281635
198.636280
406.108848
46.753010
233.289162
24.594514
46.456382
22.032359
12.038217
186.985482
36.818304
23.706091
241.225962
58.951520
16.067344
168.164762
381.252695
59.716939
111.809595
194.349578
256.362718
14.823020
28.160984
4.740091
68.659307
517.280069
135.021011
23.351787
19.089768
140.349583
791.808715
84.839378
228.092068
247.743396
431.360394
117.989948
118.718597
8.890288
128.445157
1.403525
15.234897
12.231737
1.185834
74.369646
92.882066
551.110700
130.305510
24.204941
278.250775
21.313775
16.287034
5.244968
68.261023
54.169508
25.277237
197.248556
205.654217
170.549249
43.066117
141.272644
1.236949
39.031337
35.138510
161.277655
43.859593
43.796518
88.862106
30.428123
55.036925
27.681863
79.670695
95.260341
88.107895
160.117993
193.038952
110.881987
54.942177
53.839863
15.947864
95.716355
115.191199
11.734932
52.582000
196.750563
20.014796
90.603565
56.558714
33.001376
18.026424
144.765018
104.615535
109.039103
135.311729
452.491449
23.026836
172.215282
78.381705
32.390136
87.706682
47.486057
87.445233
125.713743
60.326595
64.530840
75.658380
85.983898
95.943799
58.727557
40.230368
46.233060
194.876147
31.733163
22.737561
19.371494
54.322951
59.251034
16.914266
45.859137
390.354930
16.036103
396.304283
20.380612
262.123161
31.797717
12.063018
40.581219
149.967674
40.462681
125.819664
76.040978
209.219781
51.479363
35.870135
23.199307
32.762375
162.931510
12.152545
35.542724
48.496126
26.104082
139.841499
53.732921
5.850395
13.768606
107.693755
625.361831
17.562686
31.569217
6.321144
412.798918
65.332121
19.971771
72.616985
7.619382
37.656376
40.110496
59.640185
63.108634
24.623443
61.977210
1.886777
40.196985
45.911570
27.023278
54.463600
33.974442
75.038111
29.955990
52.837098
483.792558
5.612235
578.842849
19.268756
180.522117
36.224150
5.574672
31.050415
106.301316
13.556267
38.525641
181.684767
43.834357
36.127888
19.362177
487.115461
488.543227
21.085468
34.558276
12.079251
52.049407
160.382371
209.333037
112.508486
627.706022
355.791764
221.434552
35.634261
35.278667
27.824456
28.650388
396.727804
1.640267
129.331835
162.462821
34.450384
19.205706
23.612460
23.158544
22.622479
72.462260
34.471000
19.673916
86.756630
49.316640
503.580486
48.708030
189.598581
37.606905
35.370055
35.505276
22.056578
359.199190
5.735362
102.553069
14.994997
10.286467
45.327645
76.807070
71.916204
6.186139
46.150409
163.350239
61.106909
39.732314
26.666619
12.348775
6.321144
54.481544
32.179673
13.257572
440.656423
382.007831
144.719311
110.966114
19.857943
108.384793
223.957088
79.087896
28.674205
120.280192
4.749593
180.483670
94.913428
1.542624
21.766165
15.970231
50.427068
127.301250
54.076302
165.165023
14.432950
54.733541
19.949188
87.835981
275.626760
78.556520
43.733410
390.820104
224.171835
14.079972
195.717710
51.951305
108.122301
12.679145
5.964006
60.495888
233.210887
53.633589
168.432951
14.485185
165.837872
93.164514
189.905516
321.170265
183.338818
44.774406
46.800244
241.285126
31.156343
40.427801
52.408379
116.944802
40.001179
174.839534
67.645324
99.450132
240.391688
533.149671
27.285624
168.739574
353.412666
188.086975
15.271559
100.367564
420.805817
64.412657
41.925652
127.523908
148.425804
32.516757
78.136088
380.220371
169.329311
47.702550
98.799306
98.100869
194.329913
30.248623
179.064230
3.741407
52.930306
15.878463
6.572746
175.583880
96.888537
28.646505
57.207540
42.380985
46.142287
84.151696
178.036115
5.932319
50.405177
56.039875
190.714994
49.049736
169.033595
1.886777
45.773003
95.109532
36.115735
12.353291
109.421073
156.414514
34.772856
320.691957
27.247887
1.255146
502.262342
130.813369
576.314035
107.304019
455.436914
101.275024
147.573071
40.984461
20.028106
51.039712
43.333256
106.910883
185.259912
105.914620
41.811592
34.061959
116.189570
162.479772
879.447078
21.483332
43.407438
44.310415
66.052217
108.187101
157.487273
21.542785
67.767835
361.588619
301.255299
30.209825
496.089552
87.924612
25.121870
117.957784
12.435360
43.659217
48.642913
57.954582
38.421141
163.191668
98.341078
299.228346
43.697012
141.542148
54.557194
185.780121
16.761851
89.449333
181.684620
5.246090
23.411917
130.853130
87.785292
70.921830
20.830973
82.662965
30.107256
159.778000
12.060052
24.014048
51.788384
113.152073
43.656975
42.673354
19.721895
50.386433
87.065773
217.967324
246.174139
6.321144
23.513774
22.243966
38.145515
43.733476
63.535773
258.899192
85.156459
6.391190
26.535146
76.805604
158.133415
62.756332
35.629700
57.196033
121.318040
45.560024
318.266654
241.086642
13.415934
33.235449
326.084424
294.291766
198.265622
101.598720
28.807063
418.291463
284.961934
26.599008
59.914804
38.605718
6.833193
69.299939
205.673824
43.448045
24.895673
65.994412
66.101934
71.437440
7.384966
497.857238
109.091693
6.101293
29.235439
83.232213
79.073268
1.386059
41.653658
205.766951
72.169930
253.907014
26.528799
44.957732
31.897262
168.874509
363.919086
103.243082
29.464732
115.401264
96.051683
20.504896
498.787823
424.952713
103.543753
35.992847
24.213237
21.190819
36.811790
24.564221
77.560571
5.574672
131.999194
5.612235
16.614502
67.307344
209.170228
22.659927
72.510149
93.167162
25.422067
91.265020
106.482933
5.246090
122.316852
223.506426
290.497106
23.276102
294.100201
24.578777
141.223763
119.459443
3.025728
101.427393
315.738850
224.743433
470.550204
158.385368
2.451232
142.453274
426.428755
37.670430
237.861999
6.705508
99.177569
25.501738
144.894524
16.084784
120.609414
1.873053
16.009531
41.261742
21.073438
339.367291
20.152523
251.648213
325.238253
224.050814
34.133429
83.727626
56.889630
48.678606
645.099263
30.337498
64.271771
12.625819
185.401262
48.637011
54.898113
27.515700
384.863539
85.771316
87.805311
32.880334
135.398242
199.635217
98.458153
13.623267
37.600474
372.164551
352.056799
74.695919
214.692016
32.293959
23.658794
49.015989
83.540673
20.998159
17.475538
22.130211
93.156617
4.927963
24.188453
108.601197
107.189223
48.766507
113.089983
23.200646
122.399783
24.349542
511.715775
90.406848
165.689559
40.226901
31.084684
13.274106
23.801232
3.774058
20.644454
2.864049
127.784321
25.911435
73.879005
59.540234
79.000189
200.767531
203.285776
83.695563
94.419148
58.367329
33.095110
70.788443
192.003970
54.072950
102.070005
60.700857
115.762028
298.444552
721.828675
190.450246
59.238986
23.077190
237.351677
199.586765
165.267143
55.056177
21.548834
63.164983
599.239304
15.378588
77.157913
239.070236
51.166660
38.687053
167.541177
28.780612
26.189969
793.859898
685.666581
182.905575
106.796464
41.618914
94.048979
5.612235
43.318485
43.987401
129.566561
41.445080
17.855650
209.097947
176.534869
284.884836
16.990955
19.057759
287.196094
274.432603
39.334788
68.016815
100.707066
575.965097
67.777002
49.789312
146.220104
1.694857
182.808387
52.866385
47.189976
161.338274
7.736275
31.817700
11.967439
59.863136
170.453995
193.702720
12.718772
72.986766
213.642535
40.390167
121.751777
35.376825
254.114500
139.591414
186.664044
354.218224
41.431735
5.574672
110.667166
64.432230
135.973974
40.144571
25.558297
297.423843
4.307439
127.917236
45.717970
31.438593
68.614704
206.332573
29.723782
518.053776
28.995006
47.211934
27.526409
55.417272
289.032181
58.110224
41.346701
1.360620
274.819935
17.203548
162.803896
19.985355
12.034489
42.600445
47.623756
58.546879
19.120647
40.248130
125.613970
30.867260
29.417705
126.547559
28.571083
105.148413
95.587512
400.859841
119.975145
148.578779
44.684232
90.207468
206.736253
29.888853
20.220738
3.231841
168.044784
18.186169
87.585675
42.664090
287.855750
67.915432
116.546479
73.387344
175.453801
56.198916
27.761876
419.923572
66.172586
321.045006
73.779494
235.394863
99.287686
146.065408
294.895447
182.626308
85.852539
163.105511
153.332150
84.384264
226.606576
90.301109
98.462046
46.586021
114.980068
2.352671
15.702976
24.240916
149.656587
15.070642
129.884822
76.595716
283.096480
57.723445
21.961494
20.049924
198.665304
89.497733
104.035183
27.417329
84.302055
291.587674
164.438646
24.937837
108.632811
36.736504
30.956917
4.442763
47.572416
29.189760
43.570262
2.512638
208.754054
79.763713
213.260733
12.234352
115.438647
57.628928
25.886747
477.489186
28.933764
132.379580
616.406633
44.121417
32.593123
219.555120
17.495315
103.894006
12.030646
120.755444
130.192042
472.429272
127.564317
12.083001
52.616585
40.353723
66.320210
26.986691
48.214604
88.522609
52.241061
21.465601
2.040928
23.242797
32.995644
45.952933
337.912003
140.239778
231.114498
97.719306
107.455749
93.471463
85.347157
55.804692
20.884871
145.357046
81.252024
456.276322
35.093295
6.278752
52.906454
220.808657
95.842449
28.106048
53.856859
53.830041
1.551372
410.808191
414.064007
398.041117
326.619964
65.699426
24.839339
81.962820
41.939987
332.748536
65.797748
140.752167
80.448036
46.376790
29.988932
63.762595
113.357306
90.438936
121.268405
17.663972
37.767781
12.060920
22.831684
61.867819
51.262190
15.058465
61.481884
78.143019
260.783197
202.895295
182.539084
341.757601
35.502722
80.710152
231.575808
135.530993
12.756356
44.227918
20.212386
12.253122
140.671893
165.989321
12.038217
90.392964
56.602294
31.850328
98.163968
25.721319
52.837963
75.855502
191.020263
56.296958
69.962099
35.747983
168.758756
1.171917
90.211781
139.888397
54.764142
122.187981
25.748287
68.800762
49.510687
40.005974
26.103408
68.494763
53.367278
129.984990
46.869798
47.210282
57.028174
20.049924
176.294395
111.669903
311.942380
31.523811
23.022684
252.560482
48.428784
1.386059
71.994638
128.765185
514.421509
253.995378
100.046846
36.595277
24.078905
86.072542
123.512947
138.146376
17.423534
223.388257
123.873888
45.132388
46.781006
30.469301
209.616360
24.986350
155.124296
143.076655
16.388212
13.453765
141.279250
141.100418
137.572461
39.902327
31.266025
1.171917
33.089209
108.664330
180.946025
102.363875
83.569582
568.886257
171.257194
105.739788
24.640669
111.154228
79.185695
217.180120
146.708652
173.939146
36.494275
298.823936
63.928710
17.718173
15.162065
30.966468
5.280894
31.262900
133.572086
2.925955
1.237764
266.409659
5.574672
222.895189
16.315331
42.179568
