172.050987
41.580596
70.018352
38.985668
331.058290
61.707603
59.601344
24.822449
103.603814
34.527449
644.348005
0.000000
120.901426
269.270089
382.800771
45.039263
0.000000
128.253792
53.050533
200.440359
59.328995
543.510525
149.220033
39.213494
7.546057
11.148670
16.264034
57.362300
8.823630
109.845446
67.276479
19.940153
226.675019
97.438278
82.037222
91.775265
300.044610
87.774662
263.743746
52.820154
0.685003
43.224243
0.000000
265.224614
31.540673
57.397441
0.000000
11.600217
30.840320
3.357464
84.483490
82.804490
17.583369
104.772523
272.533685
55.661804
30.891457
18.361822
58.089183
85.213854
36.102704
115.623532
66.981073
440.249322
86.090370
180.029566
187.131103
101.440076
61.268355
4.375021
162.902240
98.090821
15.780226
168.052485
42.667475
91.084038
63.547139
45.469381
143.463546
61.449095
38.042787
118.095144
28.909354
50.581902
73.340759
120.736485
304.163395
80.336851
71.746055
53.119512
16.942230
97.013218
55.831666
261.991195
45.634652
106.645765
19.941085
43.980087
32.001468
74.117296
9.237049
79.889563
8.302183
120.972798
178.566189
241.229213
888.285487
261.698511
81.934429
20.836831
20.755215
304.727214
32.729968
23.182106
89.696185
54.044549
86.878301
9.498068
34.476689
23.022262
220.923331
251.565414
35.388024
41.784273
221.106558
18.889304
11.966849
248.729036
623.644629
22.021931
72.843739
34.236562
47.726328
13.981411
346.455229
113.958275
6.452990
182.715295
85.158466
0.000000
151.217486
21.683206
136.816627
70.793686
14.354069
43.674285
150.746100
175.138287
78.674107
3.357464
142.609078
45.142415
155.694276
126.178320
8.574966
74.465170
2.370010
66.854800
138.655705
83.009484
76.083427
171.884886
31.504295
176.862522
95.989325
75.605686
36.404366
218.597353
17.118899
126.340780
160.347647
230.560792
20.385660
42.543941
81.023989
60.829434
5.047166
368.312848
20.479161
207.770483
55.020794
29.670508
280.431915
143.750843
169.341187
206.069833
304.356168
139.041933
349.844668
418.931191
151.482560
4.020261
0.000000
14.413526
234.095485
13.292884
86.273083
123.172704
27.075804
231.616494
177.850053
41.040475
66.510243
106.391136
0.237816
362.307092
76.221285
41.488147
26.299785
42.022533
34.089046
95.536196
91.559844
20.911927
35.442613
95.623818
8.114449
939.070678
32.195737
104.939133
140.058532
147.083548
6.645371
61.142148
62.931441
191.886528
22.865654
56.757991
150.046607
31.236535
30.449466
61.013322
2637.658535
107.643988
186.345657
136.084767
160.096408
32.115013
49.767952
39.017170
53.195135
244.159030
6.353481
94.961918
11.465269
212.817989
95.404725
28.449122
35.811048
365.365126
13.898669
54.884919
25.507559
91.961553
5.753256
88.898102
240.555269
34.186213
177.694045
77.030729
117.383621
0.000000
216.818500
563.032518
21.574127
45.960003
30.382547
20.252939
43.051592
11.375353
57.132259
49.669410
73.809054
99.508600
8.161587
38.906122
115.920180
48.881723
284.868832
78.886805
35.977502
103.603411
46.392860
3.532316
33.847396
0.000000
40.730901
195.630896
167.392669
54.386796
195.207666
4.306158
26.088767
201.287814
293.658044
115.367735
61.780234
79.149934
2.394348
147.934018
23.960795
142.292802
6.024545
20.838886
99.836214
328.570930
154.070118
0.000000
389.275844
0.000000
97.660082
40.935115
78.216250
28.495468
23.818988
314.906853
53.633515
39.764764
1.768622
197.827148
876.508478
259.968998
159.488710
108.907120
229.421225
37.579975
151.659440
45.583591
215.845113
13.348569
208.143169
54.215701
99.607634
222.750626
45.614812
48.498670
45.068891
114.274875
89.038699
46.885267
75.535245
2.493190
51.982449
71.108347
37.185091
13.721009
152.734497
5.163959
52.225872
123.737976
274.513403
3.357464
53.113119
375.906147
63.505492
14.598800
6.191460
18.519239
66.571055
99.630523
118.914735
18.453996
69.092491
97.838747
19.214895
33.134796
360.436028
42.281432
84.587428
0.000000
9.188456
18.943388
0.000000
27.057194
57.141116
164.156182
182.203160
121.161453
22.111187
92.246067
22.043084
34.357692
47.236587
50.555212
97.856943
104.206534
362.692575
102.504531
47.805187
801.386717
0.000000
28.568617
159.860404
118.170149
24.480226
213.957859
160.831097
61.799059
73.229023
1.574224
17.610490
0.000000
140.038528
552.010614
142.716301
44.157669
86.426644
228.920697
24.789968
487.957523
11.539770
384.175605
8.099617
130.518229
83.389346
580.959074
62.580094
115.539731
97.794671
20.986726
27.478429
73.809682
154.375958
16.384071
50.536610
14.683082
0.000000
117.466787
92.714572
201.358914
156.832655
55.326185
3.069957
156.016542
20.656776
66.366534
123.266581
19.159314
83.752445
47.756213
32.632548
89.364203
41.657155
256.309950
491.250321
20.064230
47.762807
41.217296
21.809939
111.147444
8.416106
23.855060
133.131645
166.435869
55.011231
0.000000
57.140284
80.349424
13.257522
80.470872
1538.201034
282.773860
57.989998
58.909411
11.975273
43.333476
196.053975
64.535202
64.497541
16.915620
30.644758
225.895171
819.818006
136.572827
69.886031
3.860711
97.967953
56.613036
123.029223
34.984133
0.000000
27.513421
37.630134
50.834605
53.782291
446.959415
99.310434
22.968365
17.399410
115.004160
74.598692
215.852651
427.229591
19.785245
368.082195
370.355142
28.582267
167.915374
45.359458
57.563920
273.312513
689.514365
37.730611
26.077709
15.852922
669.905434
107.439355
0.000000
52.411164
175.589218
2.962123
38.655548
9.362844
88.306641
16.265936
259.770440
126.049414
62.851053
50.722918
53.145395
47.192878
0.000000
0.000000
37.191253
120.202342
41.466987
249.009523
78.805321
64.448274
64.047167
18.554393
131.717024
138.915866
88.963125
70.826767
39.458969
134.061310
61.765029
41.831613
81.243495
16.134390
267.353627
85.285553
23.585609
262.589758
58.264715
35.280210
49.889375
337.294705
30.575894
35.854794
154.694070
403.429335
137.197315
65.554909
400.658811
162.762928
14.359234
63.183210
307.073394
19.366650
2.433338
27.614992
108.978579
12.270024
16.659050
20.470053
34.667164
42.701605
43.321091
127.118596
205.995799
87.274036
141.734323
222.330053
16.050026
605.247821
130.121002
64.005714
60.618078
38.411054
314.203389
196.984706
46.395864
32.882541
449.269027
16.290163
137.927380
105.217005
110.737562
35.355850
578.917173
127.742767
82.231350
86.984244
332.852403
47.171843
7.154442
333.455824
10.832176
82.791720
225.911186
51.051550
88.705956
113.098057
153.782512
387.022889
218.357278
30.477111
104.132774
36.711653
50.247682
75.951255
56.311824
111.499149
920.898746
2.224264
47.212270
39.234714
21.374691
66.124847
32.966566
37.714780
57.337532
50.539458
616.121662
47.649174
109.926743
119.466302
29.250842
147.607771
255.615262
100.919921
275.363143
157.009501
68.566914
248.430948
70.467152
6.204647
42.982544
247.556011
722.899539
77.660972
63.150518
25.951337
33.822066
204.629950
373.215857
383.177205
116.991087
49.827435
333.065787
0.000000
36.793429
27.492887
125.634198
47.146168
26.136487
4.335445
61.075294
976.288690
0.089511
63.690415
12.725715
65.222905
15.685894
30.427482
85.044435
74.542724
101.022050
25.303894
23.320186
91.041128
78.605493
58.257664
106.310200
19.130984
58.766257
189.063289
2.089782
152.201628
49.194423
30.004632
36.407520
43.529159
39.618912
118.857684
67.767753
1.602206
6.924159
38.255745
52.491756
133.155567
44.334059
213.580394
206.122458
280.378505
169.467615
142.991898
123.820862
69.273378
28.497833
87.379090
281.657509
130.538882
29.275605
9.784250
78.705988
74.314742
85.002509
269.653775
54.405979
122.419627
27.219327
35.397867
190.454392
8.013806
62.611841
52.475575
94.718041
82.560219
145.571331
49.625298
82.248247
49.477683
128.243291
187.601583
113.423322
54.548424
21.303855
10.339896
111.670457
197.107383
160.920404
81.931144
248.451387
209.090477
207.237999
20.759579
14.437835
120.149390
38.541698
41.819391
9.013562
81.723614
24.757081
60.932498
565.821396
0.000000
68.508506
60.451166
116.786245
228.035395
419.006838
107.442189
18.939667
12.162561
14.632095
792.126742
18.503468
323.254956
145.091609
22.601144
145.216283
0.000000
24.104290
4.526844
379.754663
0.000000
62.227150
46.949347
16.211625
224.809790
0.000000
59.874103
29.965210
73.388458
30.518055
419.670360
253.784830
32.862410
61.014047
42.291736
45.592347
75.942738
43.507978
150.680660
140.977281
88.601645
10.896970
32.724668
271.308933
94.570556
269.841103
14.962479
95.345590
58.713333
15.775990
174.975948
60.339552
52.867516
126.441094
121.625878
86.600545
18.295894
208.456451
460.822591
34.310628
68.001664
98.985799
218.313075
219.547020
17.441997
56.268305
0.000000
460.375246
80.524025
0.000000
47.269280
103.193949
556.922810
41.120000
23.687183
38.578152
64.711571
34.853592
317.047719
45.201063
37.163234
145.824196
10.147817
82.915647
33.252742
100.338543
156.890330
13.030180
47.176652
6.568576
179.816437
253.875924
6.450617
60.317253
9.793965
84.928238
35.553187
11.966849
304.336177
35.563231
4.425207
12.432403
179.640737
14.695652
20.878397
41.880839
243.966984
49.472692
155.789041
94.961998
143.979973
91.252727
11.182556
147.847753
16.707981
195.997237
148.878562
196.484538
128.190124
8.808552
26.283239
88.448097
609.094881
31.140983
60.357164
23.797641
60.551342
228.301245
18.980896
174.228086
65.127678
5.955603
59.034758
39.773979
65.559311
24.744589
107.930117
513.422099
28.408322
58.272589
50.211128
71.414308
257.162705
45.559739
152.480148
18.850856
16.139016
1268.644368
48.993224
141.239674
204.532334
45.398629
33.039634
11.696896
2.313376
122.482317
168.654558
0.000000
0.000000
32.826739
67.105757
81.557488
49.884550
71.424282
36.682218
1.677815
239.001225
155.471562
117.284904
62.500139
663.251943
0.000000
88.823434
167.464565
16.850689
143.908428
197.199588
175.605422
301.750679
0.000000
234.871582
13.021040
2923.016668
12.603196
11.867488
145.876094
74.829401
54.269537
96.752879
27.592124
46.207637
230.048603
0.000000
204.533462
123.915797
51.525364
34.495260
10.575136
169.250424
15.215401
11.953987
291.850228
83.598197
77.774059
34.959068
166.138027
10.507559
66.058556
12.792157
72.186695
249.572365
50.202844
2.520876
1016.164449
171.311469
41.865996
39.627730
30.536533
246.181718
50.151304
8.455086
345.398671
73.886418
106.493921
329.030458
199.258388
107.107672
39.562543
249.097870
37.374141
36.836593
419.227870
237.281186
79.519990
246.261384
2.045716
93.036174
214.431258
31.535027
18.220030
110.814353
4.908145
219.703148
52.358670
77.182403
2.100226
161.121669
20.661383
46.937246
0.000000
85.592594
4.406680
166.817365
10.131048
19.309609
43.612364
0.000000
19.693530
59.242522
28.559714
58.370545
23.936074
74.323404
253.253185
69.910723
73.556230
115.349962
217.552432
66.973012
3.837962
37.975487
232.592826
96.589116
45.090002
27.503471
69.648890
30.321667
69.275604
131.193078
53.867410
119.553317
82.555296
6.211789
58.928461
367.106348
31.932052
7.190880
30.341377
129.729407
0.766730
411.920708
86.133709
248.556050
76.245613
26.964539
0.000000
149.018155
26.360487
133.246562
35.537143
4.201271
24.519689
63.846566
109.722618
68.904399
232.767096
28.383058
36.461335
3.101761
27.945188
103.294183
41.822232
100.047217
67.604161
225.643500
28.359273
7.169618
8.191436
22.938828
25.161415
4.609523
80.708431
88.035914
17.072991
60.955031
58.054632
25.292482
299.532185
77.884386
60.100318
143.435303
12.910220
89.387806
224.248180
73.952475
32.561786
66.388271
86.217910
527.588750
51.179153
225.344321
73.036307
20.020038
3.914681
54.415949
24.934732
131.530020
54.551797
39.617604
68.058793
43.347206
0.918216
99.337919
42.031804
36.657751
0.089511
10.165044
42.059493
177.278779
87.979279
274.096678
50.858678
57.191522
135.452924
438.757445
46.269120
11.986905
61.473434
2.923922
114.186370
2.475776
52.456694
28.011598
346.156301
104.454918
120.297861
17.060373
69.991581
39.861662
63.432584
59.114741
64.061702
28.472777
168.925391
60.774897
30.183029
120.690670
259.691070
41.230951
140.615162
154.821488
39.488115
67.505104
173.536141
669.888265
50.748190
349.414462
17.295711
58.563160
25.055371
160.929336
13.463280
71.830757
32.711124
320.454024
127.660104
13.215048
79.046931
481.833566
84.823864
245.662402
1.285975
40.351070
252.842968
66.863996
42.106329
73.885763
20.010739
412.856483
98.693608
75.092627
132.611226
62.788964
10.927073
339.702652
113.154268
327.738466
104.218719
128.296976
210.025987
57.471801
328.233636
53.987659
55.318143
110.121178
24.959976
516.877211
11.366159
2.323796
177.438964
57.344677
77.215791
0.509867
71.371520
280.968260
0.000000
65.261653
50.508689
334.790321
61.758907
43.771072
46.633011
24.951410
57.678190
54.962844
60.180599
21.306200
116.789457
35.575849
0.650181
342.919740
48.354129
186.481663
172.001284
52.055530
42.604805
78.267489
33.030037
403.843188
26.026513
47.274046
435.324825
402.925413
24.981346
57.571360
29.458983
37.180881
28.006110
111.173092
549.464125
17.304854
420.565643
154.965519
0.000000
56.564377
141.919100
30.611731
41.791080
0.000000
183.255614
41.097929
51.896282
17.223381
245.820231
429.967166
76.586830
180.237540
25.876628
124.906959
27.893724
85.049188
202.835862
93.458002
258.030602
103.956758
82.883845
0.000000
90.294241
9.529786
99.079531
1052.724116
283.550963
80.529580
132.404759
2.780076
0.000000
15.779769
0.000000
0.000000
395.464592
58.963491
46.743072
108.815038
252.421152
332.910849
53.964498
106.196832
95.581618
70.504159
55.189216
174.907107
38.170151
13.003836
25.447852
12.299708
65.978874
15.969321
51.955406
266.511618
83.678629
36.708846
129.799853
0.000000
49.228261
8.620842
28.874718
725.126165
10.487122
97.515934
124.710343
15.433480
73.831405
64.224591
46.554430
24.698947
289.376590
91.894048
724.184880
325.457166
0.000000
59.124920
145.164037
748.502059
120.458474
103.083326
140.793316
34.409932
47.592621
51.375636
96.172459
96.595999
391.565368
252.151852
619.333700
25.136429
182.196831
171.114028
98.664176
29.337921
187.640294
19.839595
19.707237
35.156073
78.531858
177.377399
15.309125
157.095194
51.233132
52.743726
2.223889
76.060086
252.724340
34.258952
215.260905
108.747870
44.228572
48.457900
5.702682
17.111024
57.346578
282.341361
0.000000
70.660714
43.143089
116.498005
25.024518
133.420371
61.060548
86.336523
84.591234
53.064409
59.249622
50.062454
858.291850
35.723118
153.520871
112.908559
22.400643
1548.278906
117.148902
241.327074
16.530596
55.762337
36.706611
78.989344
117.026865
40.133771
220.021701
16.269269
47.410571
179.583226
140.347874
44.530175
24.599738
34.868704
110.261070
234.283581
60.017458
29.540642
13.292923
50.606314
97.507710
292.902863
21.442419
38.970227
207.503841
68.911429
170.434357
10.291203
5.045721
93.670869
224.450541
28.616790
157.645158
22.914462
48.710036
3.630628
126.539648
181.213757
38.117488
45.373412
119.074361
3.124214
213.973364
20.432131
122.677317
0.000000
68.737255
38.389328
40.319172
287.185600
153.050368
0.000000
237.570358
226.938486
49.067637
33.245925
172.160538
180.061365
120.137412
34.699173
0.000000
261.525207
144.029521
188.886952
97.213650
329.459423
31.277934
48.861180
264.820278
16.358978
55.434269
169.351480
31.780737
400.631306
28.700171
27.852297
111.744191
86.705244
8.309756
16.540140
33.304173
106.523858
14.176838
11.265342
40.596204
162.851893
65.358946
343.449094
25.473568
309.920710
109.560233
47.597971
348.678479
200.220996
7.039940
48.792747
145.664626
132.602335
148.204312
6.886182
203.902295
39.707121
37.868916
100.094381
239.043169
128.628097
38.985668
44.245767
257.381425
69.545503
110.215472
102.467561
53.522218
11.329317
17.998563
13.360897
15.286287
91.384677
62.343588
64.464427
15.976056
12.473378
21.256563
51.736677
255.085531
65.663056
175.435011
25.801678
4.935691
0.000000
54.843246
99.755975
24.974941
0.000000
301.434969
90.803101
159.249781
338.246325
0.000000
25.406104
46.411638
47.593085
12.358479
622.759179
115.167445
42.788421
30.824751
54.211461
718.431991
216.336674
125.000343
24.636076
7.033197
166.205443
0.000000
504.067343
2.949132
994.136309
21.860081
102.941106
406.144462
22.837203
111.623925
147.481367
434.429970
33.458511
128.365258
192.130585
23.381358
206.785507
152.622797
197.813678
176.598267
49.455951
124.331832
129.968147
108.365281
90.534283
61.942297
1278.940770
72.363790
137.596937
136.880167
59.774614
86.349415
515.239261
39.392729
30.461760
17.148442
194.893955
20.517720
35.595979
54.933545
142.828698
0.344760
31.608354
30.232573
564.610576
75.540650
183.038651
150.489051
14.477237
313.877933
28.220072
94.915637
8.680763
320.021323
55.616113
50.174385
128.700521
182.657562
54.270594
70.322120
130.188946
179.810082
42.166052
150.300816
318.161673
41.858413
345.073849
57.430158
127.850520
136.958426
133.994792
62.504780
293.029895
165.547966
25.107925
310.631995
12.027599
181.937853
117.667089
123.981527
38.533385
32.691849
11.860672
54.638616
35.006241
14.443645
348.792934
40.516585
986.553831
211.623664
44.798654
164.648504
97.204492
129.127605
7.801579
148.471740
44.267666
151.625779
141.328269
14.305155
0.000000
150.827167
81.904681
74.044804
312.788659
73.593451
42.968507
135.692139
30.377422
281.171254
238.526239
1.807898
155.809449
19.570220
20.096507
52.125716
0.311528
53.842023
166.531621
165.272133
148.562553
217.139285
31.633855
26.370968
401.634807
11.449793
25.123775
116.083968
421.674397
47.179757
211.803400
346.088297
40.753241
86.212814
63.997670
68.544135
0.000000
88.743008
28.722721
38.526166
22.367332
59.214415
100.703962
1044.499295
55.720436
12.986057
202.539844
622.129742
148.704115
49.945773
34.325052
0.000000
365.921745
67.916302
222.829067
50.432253
39.165481
382.257672
60.339552
49.933203
59.542157
56.095840
86.681990
0.000000
11.822716
195.403047
37.396917
80.570879
105.046506
69.824775
123.080726
362.125846
0.000000
67.213063
43.596749
28.578594
98.725700
0.000000
113.290498
0.000000
80.650321
211.278101
4.385522
223.959740
14.804137
363.301763
0.000000
0.000000
72.891054
86.924468
53.155839
62.444537
119.938495
303.248664
32.580329
50.527686
71.536382
18.804894
9.181900
9.680398
31.897385
98.278730
156.490356
26.703700
236.652954
37.439431
329.265032
38.812808
405.022601
59.491342
48.255960
46.445721
35.291642
103.260753
28.623059
108.235313
50.610455
58.449124
26.777814
67.272016
33.666231
137.519897
29.327710
177.170910
122.514522
97.713807
34.025742
56.951612
82.598502
192.096698
703.826801
82.143339
24.615246
143.864114
48.344308
13.785290
89.759608
154.209607
141.731701
121.742671
113.057937
79.529653
109.320716
235.060912
8.919706
22.593216
59.833647
15.515673
161.919803
41.791763
191.453030
111.836984
63.955986
30.107862
17.432329
18.042982
16.780916
34.844571
189.489905
13.646373
48.578916
19.708951
28.887476
156.543327
17.754585
284.173738
59.648126
52.179466
57.636991
64.374107
46.876939
43.219224
47.147845
55.427021
53.708909
13.623364
81.569680
403.720588
3.295427
166.441796
136.046877
389.272187
51.876689
63.109977
113.547753
122.153496
96.560432
24.103356
121.168186
38.337726
153.540763
368.132453
13.349085
29.596924
10.502364
7.167333
51.070312
12.391153
105.103355
15.396164
20.030701
210.888526
5.561559
320.463288
31.018416
71.446384
9.613933
53.295601
523.163077
20.589185
50.044843
49.770126
52.081532
83.378045
85.431170
44.781428
17.883334
66.580321
67.951413
0.298726
6.357819
23.114694
38.674698
108.602386
52.976915
52.197052
8.301065
88.898280
95.998592
39.957170
54.790730
31.408942
0.310197
13.626743
77.110935
174.712886
19.289035
11.373117
22.180758
11.988211
31.468254
45.882075
124.368379
42.295656
61.650826
62.605931
83.821321
58.824082
51.809719
306.731251
43.650363
35.742056
4.323284
31.598885
60.356675
39.525014
14.798651
214.131373
56.098224
31.798036
142.140826
119.320556
28.650799
60.641330
120.086835
2.660377
17.560216
59.241491
121.848196
170.229875
33.567445
65.721729
126.291257
131.167492
590.741647
896.940399
42.055529
123.545087
193.516824
10.917189
81.436125
173.276685
120.638884
49.495767
20.431222
48.405329
129.311177
9.944147
1.025191
54.056810
48.958188
390.362900
55.218123
61.679859
195.177506
17.929015
38.847629
30.072814
124.181949
235.790705
165.181690
165.320736
490.609186
141.682945
71.973027
27.201002
85.386326
358.954707
29.195599
137.810998
64.379250
828.629766
169.013164
129.207660
101.761913
145.676335
56.588516
111.641800
334.326844
82.346934
135.180366
13.084362
13.818193
142.831266
67.748729
108.589456
362.355406
70.917672
26.438723
25.125470
53.013554
481.662682
25.176245
161.625086
148.768075
211.048198
262.281031
4.526844
57.175709
16.990233
44.815200
101.119624
139.464687
30.613649
17.821289
376.160144
208.164814
24.285650
68.121317
100.495608
177.037989
184.063809
359.049076
0.000000
117.840080
125.007503
118.487393
21.956979
184.983173
40.554164
51.249841
408.905408
63.968689
62.361200
131.968148
225.526535
92.789490
95.650322
26.675017
101.688934
63.892345
167.858794
185.063572
0.000000
109.173611
91.757367
174.718451
86.621057
52.047965
4.221401
167.175310
58.032848
47.081741
131.821741
196.723240
166.111127
11.888164
204.271274
103.061546
47.710403
54.355111
111.411187
0.000000
87.969379
20.749984
101.226448
357.251187
53.113807
62.394646
507.843071
27.622013
51.277297
76.050627
37.784575
10.207269
33.710031
38.111523
330.334490
148.787837
72.446554
234.069962
107.564498
60.485142
37.103942
145.346347
120.313535
0.000000
29.509363
207.089549
90.523226
98.169758
771.225673
30.011110
134.136696
72.347735
210.067783
4.844026
1067.149638
22.756922
25.418936
0.386324
13.764607
13.898771
248.111347
4.754369
272.727026
337.825945
17.770470
107.262873
165.814201
31.561665
1011.819658
51.043135
544.904619
304.918354
368.503227
69.122764
25.047494
0.000000
14.344461
51.624956
128.042477
60.568954
268.709138
11.577454
142.599302
46.183322
136.006853
125.443208
2.233706
54.208158
4.130290
100.113357
62.586305
73.811122
202.059515
53.589278
41.414942
54.737379
79.201912
349.720343
198.183257
333.216519
15.162748
12.014733
48.360977
18.210182
80.851314
3.054694
43.089328
132.837465
64.279224
34.020887
225.603377
25.227669
56.873382
113.927438
14.291981
553.322088
229.722339
117.372799
28.480023
101.268144
28.492292
50.763881
419.593587
54.105539
126.246122
365.318797
43.744681
6.877023
167.227073
56.191692
12.023673
146.734195
23.619330
16.432990
17.790250
119.257102
50.344347
29.614431
1463.489589
190.324269
122.201542
71.879301
71.445138
69.039437
113.613485
89.205306
60.876611
2.398063
75.397798
19.948705
472.489891
513.703486
18.413892
63.824455
34.222462
115.493159
76.915758
5.966823
516.420675
20.089614
45.238727
63.817686
66.918140
0.000000
43.291650
26.049989
13.787025
9.654043
19.967813
82.279012
29.911893
120.259970
5.581035
19.903235
21.154007
25.089210
36.226450
45.399224
63.036984
35.766061
6.999366
0.000000
23.094468
268.365028
44.159574
234.943127
361.388088
125.382337
181.505635
97.922490
860.010207
487.886531
81.159810
127.795924
105.456012
490.095738
61.457531
126.343095
17.053114
460.545937
134.325389
67.826312
51.142572
25.669185
49.978815
25.212708
124.380122
58.447086
4.528174
20.318000
0.000000
13.004562
60.221391
8.974320
45.830670
53.504668
95.908257
34.010340
27.485474
92.392037
47.239747
19.105211
6.440536
113.431685
78.049532
109.493937
10.907840
61.794450
37.681536
9.245972
55.442738
29.658081
10.784977
215.934032
182.431407
84.965920
478.951575
32.405895
49.767729
0.000000
671.793049
49.362460
3.160858
144.632174
138.515776
61.253417
0.000000
23.071489
43.937608
539.465523
782.827348
0.111551
2.770431
237.875685
270.537940
27.795300
497.676358
684.828048
75.182161
5.921958
29.623199
76.836976
773.351932
105.346508
56.067153
210.708980
245.783432
119.923204
81.769986
37.166830
309.455906
93.592694
291.864945
180.711258
100.106128
257.757241
49.042839
64.562379
82.390608
59.836880
138.467056
18.120517
215.020682
129.223889
141.650453
7.251863
263.350201
74.571377
357.399846
273.638831
0.000000
6.104486
120.141136
86.173720
82.540199
341.173690
235.192181
869.967226
67.953089
36.897515
0.000000
21.763219
62.905498
66.571126
316.879164
35.289194
0.000000
83.143280
509.382865
57.632675
15.564433
57.984382
196.080518
19.743889
26.753177
3.141595
38.329861
13.621695
206.965921
5.764750
32.987302
62.826203
0.000000
7.101375
91.413046
3.967504
102.245792
69.780797
65.209264
56.134041
11.095472
51.472329
59.593693
65.322222
232.753541
106.232716
51.378680
24.443261
42.223473
112.639317
58.051025
27.699547
3.145360
270.012858
46.349295
266.669186
36.029187
1.897022
0.000000
132.519898
85.705242
0.000000
129.036912
165.190363
34.666577
41.527935
20.974933
7.182698
9.338303
138.192637
57.535285
0.463126
198.982700
114.159521
48.967313
19.870552
33.022616
105.230948
18.210182
15.089340
295.198019
174.311585
135.405778
194.754345
0.000000
274.430170
145.775295
11.544906
778.021425
62.768143
185.328869
35.189085
154.212135
43.911124
39.764764
32.985666
514.883741
105.458239
99.487390
19.882355
22.980069
17.502825
39.000960
45.875908
22.868043
286.335609
44.092196
2.714384
19.476884
97.608865
136.219936
46.726113
23.869524
44.320444
50.613881
77.531507
154.803723
22.735594
201.237769
95.153995
43.871916
215.033055
230.256816
64.884312
40.171005
34.456212
14.408705
25.523027
80.516099
63.613836
57.991740
120.781206
78.784478
52.201568
168.100933
5.718899
35.793542
217.224110
1066.595311
144.420612
28.460237
48.171474
35.852390
13.568998
116.091259
11.560304
24.375989
61.144441
30.838771
143.371649
42.629332
11.213752
159.353290
700.065351
111.078751
38.092399
245.554005
45.299479
43.640127
10.325258
224.246185
55.684201
23.501858
26.060512
26.879059
123.368916
33.987623
134.637510
56.219175
41.295007
148.795348
22.669570
24.793141
4.910161
30.266517
192.181401
22.842284
240.194026
22.111187
484.823903
206.263283
40.865959
151.058211
309.315744
511.259028
79.938306
185.109671
506.284013
111.416429
6.957504
65.193564
81.572159
91.537638
64.973479
107.271253
130.062915
4.065816
19.802154
282.899593
83.752004
69.346913
53.621760
25.447852
158.519123
97.541735
271.675040
53.257343
129.961470
1308.345562
89.124159
29.264802
5.969352
49.349112
23.930322
357.979742
297.928059
102.332933
101.979802
16.350685
210.004230
184.586457
52.280462
15.505169
121.585202
301.392766
45.870313
216.216847
155.786560
62.589479
157.024157
198.520154
267.285628
50.332164
34.542870
37.305980
313.603910
42.471850
304.168098
14.908163
77.017871
176.923771
24.297158
213.146504
128.217034
51.882198
58.564917
35.274017
48.544925
11.653309
54.166056
92.328448
667.811934
139.454387
62.374604
183.188975
160.474781
38.075781
48.083269
4.641927
140.292931
607.251858
62.160078
37.760813
257.913282
240.578935
18.988747
40.689658
101.181264
357.568661
40.625028
29.192770
0.958777
132.103906
37.739002
227.610836
127.610577
792.786948
18.591773
35.956368
111.960999
30.354670
53.443667
63.240574
24.136999
37.313062
0.000000
80.674287
59.362172
117.397877
100.511606
32.515773
145.705974
60.386049
139.850496
61.950363
187.597594
290.852929
0.000000
87.276562
48.572397
202.078489
98.777641
0.000000
17.576833
24.096137
162.513360
11.715121
158.403072
70.176164
20.717231
265.453808
155.329539
27.746018
190.309749
302.145401
35.211005
102.695176
68.714263
47.635019
30.613284
228.912351
50.436538
300.202701
241.959619
4.306158
166.590596
128.188689
0.000000
119.789557
201.277645
79.903240
6.353481
308.080136
44.253878
27.208840
308.804896
11.843861
112.863280
4.892613
294.076326
126.545832
367.369163
9.065603
7.044394
3.141595
157.913746
121.841990
482.979808
73.008803
91.985454
52.119809
113.522136
184.337616
4.547768
90.194445
13.257522
38.543730
26.729448
43.260466
59.196646
245.742874
52.035078
108.560158
541.049393
31.659866
39.275235
33.590971
639.734484
25.138805
38.912522
134.556624
14.598800
29.801874
119.321936
24.747795
134.006312
67.247607
54.627342
111.320219
38.064383
98.675435
238.882591
66.701948
62.654544
13.364616
8.170251
11.652878
50.044843
22.153850
47.610804
42.462607
52.610100
52.276055
30.457745
24.128503
9.501803
85.389287
124.467718
320.235451
93.499232
62.343588
68.500046
0.000000
14.951567
17.566049
82.940387
14.222391
64.145513
29.806057
13.729330
16.663775
151.206802
187.573488
71.367498
3.713268
12.752852
367.093072
26.103514
31.741890
28.800482
121.952911
98.291415
52.264129
27.713228
44.293837
180.697706
55.634950
65.854949
47.146606
39.073004
4.694609
41.668751
63.085681
148.310036
3.781663
53.110652
65.317179
43.385455
84.223763
18.245119
204.642491
59.461009
26.259460
59.576172
10.663024
166.687380
610.196386
142.730852
34.446085
154.734241
32.299429
2.134386
16.700408
50.245080
18.160744
46.530708
12.269495
53.725525
348.819659
2.181316
35.104988
38.961678
6.700542
26.362122
95.443593
0.000000
84.445508
41.018291
162.178863
3.664996
42.086494
58.769461
47.640260
51.907565
19.775356
2.898195
50.912837
25.208247
203.079140
468.322834
7.805116
14.332907
36.588972
3.769756
14.135865
11.911018
148.451805
58.470040
59.419951
70.618193
347.642405
53.083368
23.612119
30.270372
151.863362
223.696626
931.501305
22.629177
60.981242
81.985365
179.794347
38.757723
46.168915
40.506015
346.871535
79.508334
55.670953
101.012878
41.178694
0.000000
55.967748
74.313812
44.103371
12.763497
34.311114
1221.364127
404.115442
0.473794
25.226869
34.589922
15.918626
48.179667
41.337078
18.107969
47.952179
553.306789
92.285217
1.131676
28.181633
61.698169
318.087798
36.104919
75.265665
69.252497
150.698077
81.076919
249.648657
5.128334
79.913796
98.934342
277.100728
169.664404
38.768086
218.894752
98.783331
70.937253
33.058153
98.394650
8.358003
21.454823
19.066788
53.956656
204.898329
81.085702
351.024569
170.172637
62.603780
67.345440
162.267433
43.312944
197.273037
51.602474
373.017038
56.003707
200.002456
242.948891
22.921306
110.974186
38.182772
17.472808
35.885423
0.000000
31.371612
20.723707
113.031433
90.478169
69.679173
162.208507
55.630135
10.546927
71.823535
75.860086
52.271973
159.299305
24.413024
55.393404
15.361257
464.207826
53.145395
200.434908
54.386905
117.456753
134.731635
26.659744
11.301733
73.186366
24.261458
29.069280
402.545894
207.558370
18.157636
151.903193
194.361690
61.068002
99.072818
268.002625
18.898165
37.503012
20.771863
233.595633
35.250308
92.719204
318.739287
54.479237
15.938876
51.512855
178.218928
24.393608
176.541691
103.347291
49.310900
103.419705
65.133316
348.107930
10.929334
14.690083
93.362551
198.836671
61.940538
41.903009
24.454500
133.303171
0.000000
124.384662
273.280252
47.310255
57.212544
0.000000
323.887004
30.752520
148.386752
35.401084
72.378748
57.891054
31.941261
47.069807
42.106203
31.241009
0.537722
255.178953
100.742186
255.648531
138.657778
36.348180
346.370798
85.065371
15.719998
71.634308
22.481478
28.093258
338.640097
150.746483
13.624364
45.394386
81.027863
15.693937
10.283678
290.900943
163.141031
19.825325
466.351145
87.253286
195.669451
226.821353
1.017894
66.474913
293.100076
71.686471
0.000000
245.174066
107.181208
39.808471
8.256039
109.868529
89.062358
90.857709
144.702099
318.533489
51.504122
448.247191
58.273351
507.085511
227.557370
34.334505
294.606497
0.000000
91.785791
16.438887
19.454127
146.622513
142.812611
154.843165
80.404712
104.847345
137.307445
2.923922
16.242166
21.312108
126.383206
66.316219
16.528892
105.569068
12.665198
794.645838
29.145335
40.912850
35.949810
126.652318
51.176616
108.453807
256.215252
27.883227
14.647785
168.334315
40.081327
8.427473
139.309384
143.363409
107.716115
91.071041
11.644908
175.861973
14.884754
178.420212
57.921807
182.840432
119.998235
128.684558
17.660531
0.000000
9.307867
67.653506
211.000274
664.892827
40.242263
1272.679355
184.851115
75.265469
1368.509803
0.000000
93.916322
345.140031
228.079006
70.934287
43.563679
6.615166
25.867024
43.458277
51.362460
20.220872
9.560714
215.183040
16.424565
153.193606
19.341353
131.477222
15.848880
71.252974
176.045043
11.201644
44.895839
34.509178
98.698609
316.121469
123.592553
190.922494
3.585815
15.713813
82.627739
122.365847
203.018427
119.166301
101.224431
51.105030
0.000000
11.601867
57.174020
98.713845
227.878204
128.791344
123.687351
59.866785
51.540527
203.872302
249.252763
52.153281
83.297862
87.660930
81.459240
0.000000
52.657570
113.408493
292.210759
139.753784
90.029798
641.450476
0.000000
743.062540
101.805654
181.879186
206.577666
144.072240
113.215064
75.596143
30.817686
35.076058
10.533153
48.997841
40.084712
35.526029
134.699499
93.010246
32.900483
84.538565
7.968236
42.301651
20.448990
194.286696
23.229928
493.443472
346.815120
87.470780
71.626728
111.218286
1117.149011
34.044696
115.422571
91.708609
15.183593
174.761418
216.245968
15.814339
292.076808
49.360532
122.808920
39.092218
121.923924
65.124035
11.802385
24.014108
34.158827
81.636809
65.876269
56.940199
0.000000
5.485538
41.604700
74.436602
34.920174
17.314662
9.413460
41.919918
14.435922
139.231187
23.322458
22.049455
14.582545
132.776117
150.644402
45.013083
42.507334
165.445312
215.816797
258.815824
58.748778
45.948946
37.407868
30.597757
21.291327
94.445562
3.357464
26.367316
107.423012
284.376461
146.770390
108.083442
140.997691
139.575987
28.950859
64.600662
2.796793
37.325759
244.059512
124.511905
71.387289
1.446369
3.394452
10.420098
48.533031
120.910089
405.579616
42.697265
68.999839
2.959392
61.614808
17.884523
17.715448
90.929605
121.114849
94.650552
134.792318
30.375646
195.660705
222.377858
29.441716
49.012871
60.555274
26.846229
18.242820
55.478370
28.207548
10.579538
51.127672
89.572501
9.547353
21.574127
31.381759
86.601348
27.520784
0.000000
151.273941
274.343442
253.316472
39.193050
65.190942
17.609296
32.244901
6.033937
83.804212
69.308540
50.592874
48.684849
98.733914
56.620918
73.904650
85.568453
3.421253
139.974919
148.176919
42.435544
15.421972
0.000000
55.158897
10.276549
556.565752
37.646998
162.395871
410.756142
56.288204
56.998487
27.631619
18.267097
27.132710
142.796797
277.291915
225.378616
23.753641
241.889844
193.681797
145.559083
19.736593
192.206442
98.501705
105.258002
58.400519
6.575086
66.984403
41.609150
120.560175
0.000000
48.901938
44.756246
322.465503
73.560907
301.462081
153.795271
53.537096
150.599747
700.796307
47.499963
43.864745
165.262718
66.703369
146.878954
24.181060
2.100226
6.316873
141.690180
198.872961
545.264709
420.486862
57.460367
157.379531
43.595269
101.594020
40.965015
1759.104978
51.677301
413.916404
216.298139
94.607364
58.196818
22.867800
196.431094
35.508351
430.712757
29.513466
7.366730
72.011857
101.187039
47.741469
33.535469
78.108032
87.023990
12.192666
62.126180
24.419545
55.842506
337.222280
4.814623
137.983642
2.633420
247.012936
202.253486
52.718405
43.466944
64.519240
108.908275
102.676256
44.652866
77.748985
16.542827
14.132670
64.024284
58.105045
41.320983
36.329716
14.751954
43.078280
205.111805
113.795798
14.563764
36.778421
19.479550
373.308469
235.738836
0.000000
27.857548
293.859700
84.196387
564.948937
36.516036
241.641569
46.015402
67.481379
119.959045
106.510382
83.141653
0.000000
98.816463
0.000000
67.598558
82.509679
710.865200
26.906111
29.788799
360.475806
241.619171
84.500270
87.034662
44.432387
50.867856
710.585462
2431.208832
6.871035
253.686342
100.868645
21.574127
300.870148
341.582585
26.639797
419.323850
10.168707
47.905063
9.461240
65.052088
152.192548
7.350664
54.503358
61.561502
100.319993
159.006518
142.998441
0.000000
39.393673
22.755027
181.383516
36.512576
38.942815
60.876611
48.980270
19.722270
39.612836
87.220091
80.662945
39.871250
50.888788
33.922707
12.253270
45.046688
24.370163
20.322032
89.792269
40.424964
15.951466
200.461509
3.274601
54.326922
5.256540
27.208840
46.906943
27.878078
2.796793
440.423218
124.334283
144.606523
0.000000
214.801075
40.093443
296.443649
75.085714
322.497775
3.837962
17.885249
70.787823
138.141465
79.696907
110.954026
81.239762
15.410467
20.338417
275.631999
33.750226
48.341190
140.597162
3.837962
12.190801
168.301147
19.255613
129.522577
10.372969
231.419473
168.997141
24.758795
266.381549
15.853007
110.093252
30.566317
36.382850
48.170513
284.259464
22.485335
0.000000
50.264345
4.885008
110.947902
254.408864
444.962720
64.055556
0.000000
76.673551
0.000000
39.736817
27.035489
53.662248
190.375072
132.133643
348.629745
221.748695
0.000000
131.688004
44.525639
290.908755
229.541854
429.038420
14.711005
12.798597
294.435397
4.601932
135.083952
96.525961
178.227291
0.463087
33.442694
38.485380
61.464354
32.010441
60.366163
171.199527
10.372969
9.063586
218.550321
5.845723
194.606476
13.450973
138.094234
30.132314
92.771112
23.508549
52.916430
0.000000
18.365169
21.983842
97.121826
86.005655
142.283419
0.000000
22.619329
34.388151
0.183427
88.352294
91.544389
22.809093
24.515456
1310.349599
336.871125
130.883295
16.962472
33.058032
27.516798
47.774249
8.260234
49.540943
90.318614
14.919331
53.675101
261.296242
14.176126
5.773793
72.227522
68.675776
91.419911
247.127179
46.229980
166.460363
54.339887
65.441591
77.241527
105.160760
50.605513
79.161211
90.882934
143.396661
357.943306
86.784345
23.236947
14.377948
27.548786
27.323934
82.045429
14.673306
79.195937
324.526625
358.412665
298.585282
12.809646
52.059373
114.053490
16.988607
114.440084
188.397439
76.372269
115.463417
170.116419
791.299749
78.910598
240.730330
192.795882
128.651297
79.980657
22.561463
15.393237
50.104640
37.335491
179.962997
170.450293
15.384634
55.274603
57.736089
11.468510
70.972587
12.790945
186.940527
3.480341
360.872805
58.839634
13.684858
55.547826
59.938132
80.031318
21.797180
71.585146
261.666748
160.357638
106.341182
118.149035
142.615548
59.825349
209.266564
64.398386
65.180012
37.608217
6.900493
13.828315
228.132069
103.837835
380.215808
150.533010
210.613898
123.739112
588.490903
163.114679
89.704573
35.625327
49.015354
117.435560
38.152814
63.166601
36.652245
71.803096
68.492841
60.366330
131.972721
258.295328
147.481864
62.771854
7.495542
34.554808
284.998890
298.431833
63.629656
44.051685
177.484444
9.702602
144.131953
229.685997
58.088503
137.791538
609.225643
171.763409
66.354928
0.000000
155.000370
182.364856
145.561642
18.945432
1.032183
62.323897
33.308418
56.198100
0.000000
12.900103
199.112289
25.795787
53.249681
186.266607
155.475956
194.412594
61.263532
112.155759
42.337339
28.047718
27.317407
10.321826
396.836071
2.580925
31.883372
128.101877
149.671677
184.692750
115.643573
39.000028
103.468952
27.038665
60.000197
64.289908
130.445839
18.819635
108.200234
10.499474
357.473090
62.124498
110.840909
11.466609
263.081405
200.986720
2.983687
0.000000
124.931861
94.685673
65.182122
98.647003
70.045889
263.155246
1540.205071
562.211501
795.320368
44.376440
57.107522
1.468234
1165.055236
1.768622
106.571058
0.000000
91.545865
131.130474
92.335268
113.576920
48.359036
99.419705
37.063039
166.456203
15.815892
59.997597
265.764987
301.347901
208.004330
99.843804
137.756556
31.226979
207.395428
0.000000
84.962013
46.193324
73.926200
158.621929
247.605890
33.465215
23.547600
50.230144
360.334490
332.593724
48.633752
0.000000
54.171613
103.863795
39.366579
49.560014
103.809071
122.656138
26.431660
128.735098
211.460810
180.426769
80.388733
4.351837
50.270144
40.341020
4.999205
165.664817
133.411962
109.024342
84.947863
16.273252
133.876567
11.856222
78.155714
14.279489
118.300053
51.116081
57.813985
209.693014
20.893739
14.324084
122.190913
206.403121
51.378894
71.655349
133.485416
50.486881
239.902854
63.063194
137.696176
26.622829
204.211660
16.902697
56.693796
170.020571
651.327572
196.754280
42.039816
193.519874
74.328486
295.186481
145.378129
317.792375
28.619683
26.377937
122.384581
607.656152
20.831993
32.970797
1.301106
133.950526
91.340403
0.000000
21.847288
112.725153
43.805000
18.413892
113.420137
103.188535
199.987731
43.618057
18.016273
49.080712
15.604599
13.999313
278.655783
64.006064
12.718157
126.411080
17.738082
6.000808
290.371979
20.479653
60.813685
111.449174
28.642804
162.692321
33.141754
13.907136
108.886036
92.654611
260.038431
32.798757
25.378529
23.711067
499.347158
38.845254
185.169071
144.955940
56.338643
47.165658
140.577569
33.619479
57.711367
158.404891
155.882847
251.558533
15.153143
39.529040
30.273263
63.440741
144.403006
156.509802
10.751488
144.616002
29.156976
187.496715
233.032748
184.750971
11.371728
312.151759
245.493750
68.833768
3.837962
8.016730
56.722926
59.550189
80.991613
127.507683
13.749492
99.352766
47.348202
122.079655
163.885977
22.924131
66.411326
61.859400
87.189488
414.215848
76.856586
110.219967
160.213979
195.524847
37.103965
0.000000
95.258200
203.400242
21.088480
30.885523
39.002434
48.353075
8.122777
499.734020
49.175191
0.178894
108.689359
426.718500
97.825073
312.071987
150.804178
40.303634
42.348769
44.097340
29.794000
312.787219
49.059192
158.008447
23.895948
100.055882
728.358408
39.559333
67.905155
962.349463
215.289526
283.486747
45.294700
217.342717
246.279046
37.697019
266.024404
250.064465
111.802293
14.914740
21.395629
21.601303
243.970538
238.733820
23.619465
57.569927
44.510638
206.117186
262.219272
38.838444
21.574127
141.563855
130.350247
85.666001
16.091670
275.726187
48.301294
117.291297
41.247619
43.644610
21.480991
124.525740
124.857510
0.000000
253.954580
1.747833
34.013202
44.510036
5.389899
12.099083
144.375602
31.289148
406.174282
43.807015
167.246833
15.383155
53.733295
17.113345
19.805021
11.482771
31.346286
66.862022
103.692971
86.129726
108.007506
35.583049
26.809151
477.096507
9.063586
33.721038
119.512536
0.000000
264.605098
55.155236
174.130820
33.326201
140.082124
240.226873
0.158374
0.000000
46.898511
520.162076
219.622367
85.801198
100.024275
39.046746
50.449900
26.008522
37.382703
58.530976
333.447120
134.869913
19.155583
176.040381
21.113027
226.982001
164.922361
86.937485
498.421647
361.933947
23.352240
34.863401
10.641904
104.400426
87.960402
22.458066
23.757758
13.474125
116.424609
223.678468
117.857030
68.174162
10.630253
65.920502
8.722712
99.956066
30.631229
138.153676
33.080994
30.464756
784.542411
199.598767
252.829321
44.266987
226.363405
88.595349
1214.147271
414.483199
37.304494
39.612102
37.534302
122.655009
211.576358
70.822057
101.299066
153.553941
0.000000
189.668789
53.798029
59.392148
36.890208
234.433281
120.722195
15.132539
585.778479
145.997877
173.521745
547.731550
342.579260
16.644328
17.181825
99.344480
10.680744
49.748750
32.553979
47.596596
413.448790
22.405881
62.466716
68.492763
26.647131
51.805336
66.942824
433.253572
202.246892
114.334577
141.980421
64.576301
36.977757
10.516197
19.326542
7.344555
0.000000
89.594009
468.099478
31.301894
26.256579
230.887479
237.656132
155.960598
7.240025
10.458777
159.997261
332.873105
22.809200
391.798109
51.594946
34.465640
62.346927
38.720265
10.059398
47.596343
30.193055
599.085317
79.281030
57.862546
191.773607
137.659223
272.359568
22.621173
52.477146
119.155691
17.181998
25.995910
148.814433
202.166111
170.925897
61.560135
382.076168
56.133617
2.629719
183.621664
91.272720
8.962213
15.407502
6.628164
81.501205
555.572789
228.349574
121.688898
19.295328
37.110271
64.590131
81.942343
196.564692
440.030929
50.161445
273.501279
28.684952
73.249952
61.391361
32.831483
69.753692
223.058969
39.626931
205.786960
3.357464
20.867798
33.859613
96.411039
34.111250
58.898827
76.185067
92.748063
322.297582
1.833678
88.987087
89.302962
39.044858
145.484087
20.079738
123.145836
176.993929
11.323089
46.550388
24.610449
60.479565
50.374376
118.959640
23.720451
132.918300
52.062042
36.868582
232.291397
64.821162
7.036776
198.585769
156.616460
130.349698
63.503667
13.947429
131.757260
272.754638
24.680702
48.979424
99.521929
153.372908
192.374038
59.964531
250.393352
88.364126
1065.169198
85.394017
92.995333
220.946272
166.768115
7.608032
20.163037
325.462577
54.637791
89.916856
241.253778
78.664880
26.450403
98.151934
90.106815
7.323566
38.451486
60.543869
18.554421
60.496940
219.502918
69.249173
15.427860
154.751960
9.939722
53.268496
0.000000
83.673588
10.389666
1131.217190
94.540105
125.828807
767.611439
526.174786
2.907465
91.139151
6.931894
106.478202
127.266078
85.721689
42.736120
47.960415
32.732869
555.208477
65.728582
168.537427
33.319433
98.593634
25.255746
24.095028
127.808656
56.857594
130.932711
155.061499
272.409101
105.645721
195.170009
171.873207
18.295324
31.698626
81.836046
52.040424
0.714889
2.660377
20.862333
117.167583
0.000000
43.163809
238.547084
49.321527
559.661866
113.258953
296.851957
28.962903
208.415315
10.477778
33.516721
1359.351933
61.487022
194.181568
105.488755
558.538293
23.514295
103.413881
114.293132
79.052645
220.797970
104.905888
15.392526
32.811377
98.091001
175.021658
127.274027
39.753524
141.370783
94.715984
17.602073
15.635275
45.847024
331.450894
49.627774
245.636233
56.833927
305.119816
341.619700
32.992899
8.641756
198.291851
173.114230
29.962101
7.249948
168.108158
177.421394
0.000000
183.544621
22.727504
10.208408
212.263516
383.981563
113.029770
46.004315
23.917853
50.330797
20.462671
481.850688
65.078877
32.470592
109.352230
21.008667
41.169207
38.946422
67.225277
20.079554
194.405618
54.720124
59.240988
18.408663
93.444785
14.730680
237.202217
567.297430
281.540579
231.270102
58.996177
229.451989
108.945007
103.423761
133.912077
527.219219
23.094632
84.500290
221.273474
373.302040
18.251466
196.260607
30.406193
35.711687
44.575489
7.805116
381.420722
31.946322
46.371678
237.359186
52.836225
14.642781
93.853108
344.729797
63.856119
138.654226
174.470868
159.283236
0.159617
27.839253
20.153517
40.854047
625.927486
97.378172
18.906456
5.747086
104.315657
1142.517102
105.020495
235.876162
217.110573
442.638896
87.162568
98.606787
58.201789
235.516609
1.004547
7.730908
5.348698
0.000000
95.193974
71.767242
552.165873
158.161759
23.095260
387.660596
3.705871
0.000000
56.390941
51.128867
42.571764
30.036459
207.609648
274.544286
177.087768
48.177565
158.587822
0.000000
43.091410
66.172345
148.845057
54.515879
44.762465
59.170825
49.628134
24.516742
45.252150
93.785068
82.767451
101.885449
134.081747
151.442541
144.818066
48.099237
71.594357
6.045752
109.487655
83.095404
48.619052
53.757687
297.524093
11.259132
116.760344
96.371390
3.961851
18.021980
138.719880
74.276234
109.655675
107.209536
336.498348
30.449322
195.479332
69.774877
16.713076
47.445103
52.096023
73.308737
87.707330
71.746975
107.368622
63.518314
39.144621
63.919117
51.947252
0.000000
33.804033
224.194901
30.853626
30.012488
3.893793
40.706580
78.288529
12.789525
57.649131
408.411684
15.919749
446.966757
35.048860
296.158933
25.811426
6.907281
43.601325
256.049822
63.048413
127.594912
96.137902
202.181236
56.816645
35.869682
45.268523
40.290655
182.592975
12.810692
23.686465
14.570411
14.839015
196.214243
68.884864
36.672143
16.264558
121.892218
1310.556880
6.227711
51.921551
56.062839
361.997547
89.969472
26.827811
67.120618
39.932892
49.887287
39.202163
48.892073
66.759914
18.602617
179.505572
19.595835
38.018816
45.471056
30.110342
51.070112
39.047630
60.695591
39.507092
69.487214
558.049057
44.366913
828.473755
0.824776
237.213870
45.255376
45.882075
37.551562
83.202472
21.875636
55.842166
84.745328
46.547144
49.297191
19.700834
566.217387
636.010745
21.556592
44.095413
7.307611
30.954951
263.572371
238.578564
68.680245
524.160692
392.791880
188.419296
54.552565
21.472741
23.824695
22.364624
369.073747
4.982027
131.953881
184.849685
5.284716
8.523016
33.336333
8.487466
22.072357
74.452649
62.218805
9.786360
88.421956
59.011691
1456.837587
55.053695
123.778559
64.009273
47.048251
35.690575
38.309853
311.767700
45.717568
86.872725
10.828406
17.959404
39.566228
113.931252
57.520796
56.176783
55.707480
185.912904
39.371236
38.646361
23.344651
4.380919
55.616113
20.958328
0.000000
16.650582
573.277060
399.473670
114.225373
53.348609
2.582775
101.552452
217.702718
90.491635
44.230062
113.453118
9.359810
538.761334
157.177646
4.463430
4.266541
19.997285
63.173849
170.252373
82.954233
204.704656
0.000000
32.966566
0.719044
110.365106
300.312597
98.350173
40.382468
386.476552
270.289451
16.740852
167.424377
32.637775
55.707664
0.000000
57.620756
47.825422
272.436030
88.034044
174.623664
31.394637
193.314757
114.896703
836.846887
374.358352
156.648646
43.278332
53.621578
292.053362
25.952554
24.893255
61.298272
123.965970
19.628811
156.541765
80.998589
103.579362
226.492383
539.663793
36.294592
182.528590
322.728402
161.198198
1.542852
84.243176
378.270640
51.526064
41.442210
58.809648
130.565692
22.319645
117.720236
212.338142
297.964485
61.174231
122.180794
91.370022
199.906674
53.115269
169.919410
32.461782
36.626584
9.716185
57.620150
450.189567
78.750404
42.883937
71.967873
48.001212
73.971343
61.079457
176.685649
54.386905
64.909514
26.912028
130.878396
39.423390
174.989653
19.595835
44.254797
77.918800
28.942055
16.104672
245.134214
136.004790
47.863694
355.106518
19.621217
0.000000
395.539839
154.542110
867.336336
93.242951
353.384710
164.315103
102.874824
49.154481
22.018082
66.719439
40.451285
92.324790
111.043834
86.735322
48.796119
43.831925
133.673256
192.334857
1591.465979
17.128110
33.233472
30.124620
52.837163
108.079043
154.511180
51.232844
70.867394
408.758559
374.447031
23.894566
511.621551
85.705608
24.649007
135.836565
0.000000
25.283528
49.765527
63.135778
41.325600
207.927065
432.219388
290.805230
58.438583
92.898055
62.302155
142.961164
6.877023
79.215022
191.107587
57.906104
35.622236
60.876611
85.837936
61.964556
45.415506
77.948788
30.467009
143.088058
2.148890
34.213810
89.307687
105.698651
46.972878
53.903543
30.536596
86.352969
87.325726
222.379810
292.446194
58.994780
18.682677
28.473889
88.380516
48.466865
62.624055
896.844500
36.714969
17.095462
35.450038
88.887990
143.850391
62.905688
52.315662
30.597681
82.153942
36.883828
482.726127
219.465712
6.800160
47.900280
202.060197
340.223520
185.572403
114.326484
33.236932
444.591243
271.628915
30.757941
107.670672
47.705628
1.364388
88.005897
241.750562
47.721188
20.789670
89.648338
58.198133
96.500957
42.072499
483.835989
84.011626
37.669389
54.068993
106.221329
74.970024
5.753256
23.634053
242.399701
51.976865
230.425898
34.333103
96.767197
48.952264
159.906771
249.188507
117.946860
47.739182
95.435469
109.683089
24.000455
512.813316
451.805433
124.895270
31.172278
38.972535
16.685810
47.154868
18.735092
39.687780
45.882075
198.201784
48.040559
0.000000
79.813298
226.198787
24.199155
60.220240
101.390167
39.937983
122.950931
108.473549
61.218451
107.164055
207.100919
297.928244
26.709262
296.971781
4.883522
182.680249
72.877701
0.000000
64.155920
309.856396
305.514851
750.716971
127.600847
29.715917
155.643843
471.629529
24.777362
907.235108
60.998817
110.741926
56.858557
132.333875
22.573226
95.090489
19.805021
11.072253
73.368302
16.342358
303.479599
19.658710
225.763077
347.626635
144.735517
52.410457
111.284444
41.979835
38.880291
844.725753
65.023331
49.964620
14.466268
217.674144
30.936381
25.907198
61.298725
309.548776
80.009576
91.713930
20.843359
144.757765
233.367638
108.255810
0.000000
68.683755
358.374564
357.067926
82.688701
0.000000
33.170425
55.891958
40.048046
112.208205
32.950946
6.828510
20.499772
131.705469
3.834960
44.883420
108.793914
90.307422
47.221493
81.681641
16.385214
119.413199
16.656720
546.139077
151.573466
311.701344
70.246363
0.000000
6.667861
49.555338
13.779301
29.901661
27.592124
99.406511
33.398101
95.199047
104.381410
112.270839
212.671328
203.126453
96.830376
56.814739
60.747008
38.270158
60.188007
184.360116
34.967705
115.123801
48.881871
89.223734
220.759268
1025.013016
152.360660
37.755270
13.711288
239.158526
232.891515
175.634243
48.764736
18.642689
82.423775
872.053652
17.347653
106.323331
137.212768
43.555088
11.568702
160.090149
65.519752
48.613499
3924.849492
1259.615415
181.797360
73.152416
28.752326
79.038345
45.768131
28.826449
65.570138
158.066500
44.518725
31.745005
227.714431
204.680535
275.584860
21.188599
11.675111
326.242416
315.459973
42.266537
79.211825
101.668718
994.097719
104.353340
37.050652
202.548969
13.436304
211.570196
90.874579
32.010111
166.438156
54.270594
24.654150
9.675514
75.605899
132.896243
172.346885
0.000000
64.706940
108.443628
71.220568
91.529512
38.241395
223.984077
164.632761
160.465011
508.716355
42.941285
49.194423
92.989087
89.689855
178.393070
32.175233
22.176605
308.627904
42.538082
115.974891
51.311489
19.145575
70.791088
226.868404
19.627270
760.215011
19.001852
56.335480
20.271128
73.932166
332.846842
42.493847
46.172474
7.036839
266.689925
8.499685
139.022749
1.937440
3.596368
48.384726
57.130870
43.996349
7.874995
63.702154
158.533551
25.453230
49.067464
145.286775
17.014444
96.140005
98.856566
458.541900
154.054523
175.801219
47.075057
0.000000
228.872441
65.515039
10.919009
28.152794
166.600751
17.078297
86.109076
22.190629
302.561697
84.516678
148.019941
44.646464
166.749992
75.281851
23.329012
478.549702
66.589140
235.083115
53.573004
248.736367
123.408680
115.972554
265.319959
230.633035
42.818410
168.617315
216.661717
112.167168
274.470149
91.241729
78.693562
12.940126
111.564430
30.116267
7.810770
42.538764
144.104156
11.016307
152.854061
77.577653
230.630727
62.202865
16.697377
0.000000
223.072610
69.124020
94.815428
51.241317
75.793241
172.451476
193.230385
17.317861
99.750238
14.061741
52.420965
13.281519
45.689876
42.010589
21.064792
17.411359
253.811369
41.092341
271.886528
12.690715
130.577807
56.889025
38.064269
592.985968
34.174957
163.288700
805.228779
53.588607
15.437593
143.192131
5.202597
128.131430
1.502088
125.743148
130.636376
477.816692
175.480407
5.083745
43.840313
35.651744
52.820377
45.505240
63.066078
76.694481
52.959402
18.950849
24.128168
34.179501
40.832764
49.323835
359.975299
161.122745
266.738760
109.332034
58.564917
73.969859
63.886323
168.287784
19.674766
155.523931
75.347294
503.132322
26.502169
53.297294
94.968195
212.861222
50.605513
24.306000
94.564073
32.586709
12.721580
486.475335
406.614800
1106.961919
348.268042
51.732747
9.925881
73.277827
24.266010
1073.951486
61.433225
116.153777
63.300004
50.318348
48.312670
57.404667
109.842016
79.542270
82.786824
12.553280
19.936150
2.499370
29.300542
59.716482
58.421633
12.006639
42.900561
79.447412
203.771338
205.338138
126.338785
332.366562
59.939058
69.756250
236.397421
123.953439
8.943509
24.934732
12.423045
10.836448
166.759341
139.412109
7.916366
133.128953
26.769526
35.117983
50.840059
32.672023
0.000000
70.946306
152.906877
49.433052
75.462449
46.669095
183.358560
0.000000
70.817804
92.483687
77.713513
86.015365
29.001572
103.118335
42.497121
53.224764
34.160813
62.565386
71.622951
122.202241
78.509330
44.898936
43.037705
0.000000
191.816716
70.749179
271.221421
43.544372
41.196104
214.108751
52.168055
4.798764
58.317491
132.336173
512.684969
273.278522
78.438381
30.544006
17.437126
83.518918
105.284215
109.564343
6.713427
179.595874
138.044553
40.206765
28.990488
35.961522
0.000000
31.534513
146.779408
144.271657
42.052350
6.361850
181.504713
161.134590
113.207084
42.717306
23.340250
0.000000
8.601989
144.885457
187.744801
101.590805
81.278175
579.867239
449.363367
99.768136
37.282984
127.791053
103.660160
245.343897
167.702030
172.425314
35.698523
310.998270
58.753620
0.985951
21.212980
18.385639
45.046688
11.013753
149.803522
0.000000
0.000000
554.013370
49.194423
226.959311
16.706865
52.845263
