121.869919
25.588074
63.367935
1.479888
222.797333
70.503525
63.144821
58.952473
89.494934
6.159110
468.879059
0.000000
99.592461
218.756882
285.876801
21.374044
5.481812
27.674679
37.884247
125.879631
48.433064
498.939484
140.805222
18.663109
0.377238
1.307485
7.669204
49.745193
3.518984
91.949547
46.704559
12.071975
167.688797
87.102539
30.091640
129.636093
288.728119
84.733154
134.997147
38.522274
5.526492
59.997517
7.929945
195.099487
2.095303
3.133700
4.679322
1.922485
12.317417
1.290377
67.878403
46.934082
0.000000
86.653999
257.738678
23.967657
4.405526
4.726133
34.660606
46.525692
44.855831
97.533531
41.921032
398.006378
48.034317
149.439972
133.988815
55.163624
15.976315
3.148555
98.811836
105.558945
1.917467
127.137955
39.309582
66.142273
12.083626
49.809212
131.113983
42.305176
20.787626
70.644211
6.086794
8.541963
37.227310
69.190269
317.229706
56.842072
106.149376
49.889568
5.266929
76.803879
57.779964
221.120529
6.514489
82.570107
3.551002
19.096449
11.283272
44.618221
10.922831
68.163719
21.009907
101.679436
151.059952
238.446640
550.218811
237.618469
69.814049
13.031978
35.564705
237.174454
4.686185
9.616200
66.215309
29.935984
59.500557
0.694075
29.397163
3.515953
178.135544
235.061020
2.343584
14.799395
158.426163
3.732145
4.037237
110.762955
204.889206
18.731539
58.287014
23.064838
1.306045
12.829765
255.825562
95.499802
26.705051
149.477127
67.371170
3.257624
115.087143
6.103668
99.061775
28.101730
4.164703
49.388145
113.730309
187.027725
65.963188
1.290377
103.422798
26.879332
86.128197
62.389950
6.168661
32.567429
0.238101
41.353794
97.260269
98.357300
59.234119
164.586578
33.336540
149.593552
38.950497
96.294792
1.019872
180.440918
18.739264
84.138771
194.906677
415.360840
32.117085
23.035795
43.817341
72.268188
2.119138
232.838089
2.546505
183.750732
70.301422
5.097503
234.496414
110.796959
163.480545
148.712753
265.320404
107.644157
232.793930
344.656555
123.529190
1.160550
1.914205
27.729445
267.843536
10.699734
70.808167
96.833519
16.274599
169.862900
155.439224
35.532803
42.392860
89.419624
2.951254
366.002380
104.673950
16.943686
4.016480
40.378323
26.561794
66.660095
61.563278
27.881187
15.830353
94.938957
17.788557
643.303650
8.845634
79.705383
87.489754
113.704048
1.911840
70.406693
52.395218
201.608093
31.196239
1.227705
186.348267
6.959589
19.831577
60.534115
1923.913574
117.510155
166.971466
79.129044
93.007362
20.888083
39.726078
4.675368
26.195927
240.540161
3.617309
61.520542
15.165075
158.174423
101.530891
3.786685
21.451120
553.593994
1.739503
61.333839
4.580023
43.261959
0.000000
59.931614
187.260269
9.099370
150.381058
44.714340
115.546051
10.089553
389.765717
627.068909
6.539660
0.940899
3.342880
0.754995
5.618823
1.597777
77.437698
35.809547
31.803886
125.620827
3.881138
2.236034
56.559010
7.795992
237.249649
47.111378
22.507080
115.161896
48.667721
2.030434
19.402708
8.235774
23.569214
126.871101
121.537468
35.665226
125.307373
3.050233
26.889418
111.180267
155.700012
70.938850
29.490711
49.023300
0.594086
97.941116
13.912062
141.232666
3.452882
6.474014
101.426224
230.431839
131.475708
10.524376
380.102905
6.245389
47.911205
26.346903
91.091293
25.217999
4.562551
187.946091
56.704769
4.018060
0.283594
175.739670
517.313293
288.505341
124.013008
94.484848
177.069458
1.917215
108.387192
31.684784
234.731003
2.432289
131.847916
25.616507
75.541740
211.330460
37.382618
1.975494
5.337059
87.320465
65.496307
6.013766
74.453087
0.996535
38.178383
109.738701
23.539850
45.270542
123.511375
19.291536
43.216869
88.859909
279.510986
1.290377
8.984918
332.873901
64.046799
4.538967
4.075340
11.777160
43.500534
77.526169
90.275131
2.384261
45.433769
75.562439
1.176470
6.322645
149.629532
23.069561
88.203995
53.966969
9.043789
9.341687
0.000000
28.603264
63.226723
122.270088
176.993225
130.921036
7.716636
87.743500
41.466797
17.095249
1.707549
55.559578
83.324730
38.994774
504.018494
96.664322
3.328893
253.618973
2.462752
12.214190
136.357941
93.924332
48.187469
172.504623
45.665413
30.100151
70.196846
0.148037
4.187626
4.744687
122.329941
555.942017
107.806274
132.554459
96.511505
208.954819
28.138443
395.127533
6.407393
426.101685
0.000000
96.718079
64.507973
12.666409
18.317577
64.694153
104.865204
12.853487
22.947153
33.708851
175.850098
10.473061
34.959511
2.674904
10.623344
69.350876
86.972649
170.156952
144.950684
8.353355
1.496757
106.149277
5.794334
71.769592
109.993507
0.000000
47.241390
38.890366
59.007011
88.336464
0.338555
229.388138
413.201233
18.376934
27.704147
22.158312
7.597627
88.629593
5.035205
10.303779
100.644066
142.096481
50.899609
0.739190
35.438534
43.033859
1.054336
33.081070
717.741821
234.036911
3.839485
61.237286
27.338501
1.565794
186.129349
24.667385
78.019089
11.509487
30.954866
179.233276
410.438690
96.043106
44.063217
17.353916
105.793549
7.980255
120.122627
21.395767
0.105771
8.279063
0.026565
50.333534
7.428568
321.691620
103.197876
9.772402
19.288595
110.345070
75.685387
203.741409
317.239746
0.894596
382.790771
296.843323
1.040942
158.043030
21.714792
41.423447
203.438797
647.786316
4.234688
4.517417
5.374543
563.221741
90.454575
0.114014
7.594029
130.450104
3.958459
30.581804
7.985050
60.014828
1.914638
266.127380
91.085541
55.629364
41.807247
5.045384
51.318375
0.362677
4.564748
58.289589
107.991600
4.445835
270.070221
46.932987
44.250118
45.242168
9.586530
96.049675
81.700607
93.508148
26.528465
17.679689
125.709618
21.663986
0.000000
51.841423
13.583794
269.698334
97.500923
8.633149
235.455551
3.055047
24.844198
22.515953
357.324219
38.610371
27.379156
110.213158
261.149109
112.715401
28.850466
401.021179
120.910950
19.185501
35.835365
293.575531
8.937438
2.195749
18.144033
85.731255
1.515115
4.560651
2.255820
20.625534
9.073927
5.688308
105.842697
34.310257
117.491287
106.640686
191.835770
21.538326
302.300201
122.009735
84.093681
24.841648
6.622816
383.244720
133.328674
0.000000
6.559824
302.907074
8.982342
77.515160
77.390739
63.432793
12.341532
32.846363
115.903099
77.878937
90.089386
193.082977
10.564322
23.752222
343.048981
0.112855
59.531143
186.141312
43.236809
67.288742
92.200348
128.641602
391.313843
158.720474
4.021305
48.435268
31.101631
5.562137
80.502197
30.123339
94.242203
201.750549
9.961634
3.070082
10.843296
3.969157
45.841446
7.771680
36.914242
39.078892
14.923641
375.636719
39.472511
125.375572
128.607605
54.292862
131.812439
194.158554
90.506310
191.041855
94.693245
68.315361
187.033997
38.215130
4.788455
2.324620
212.264175
221.020248
100.079727
59.080135
3.045557
2.596189
297.495636
381.244019
50.949451
81.049828
3.534575
267.400085
0.000000
61.513836
13.270559
35.460484
28.816145
4.698636
54.955521
28.675144
754.234619
3.744384
34.571224
8.474273
63.601257
9.975591
1.570302
53.336884
79.334030
56.731411
42.537193
5.911640
95.147697
55.509544
1.522754
78.488190
4.372190
31.629223
156.389465
3.287805
195.451111
2.913233
6.708105
36.432072
1.755626
1.107322
103.473396
65.520950
2.233783
2.160671
0.301768
60.261753
99.637177
27.901596
144.692993
209.869843
264.239380
101.687950
128.103607
98.693298
24.436449
4.875517
63.812485
203.508026
150.068817
1.885074
0.384985
56.355854
87.559029
92.500854
117.332169
84.573212
85.634163
45.272396
0.000000
178.801346
3.337913
40.326225
1.882166
63.656975
70.323082
106.104019
45.661587
85.926720
26.607555
95.524193
219.413620
73.923546
6.857905
4.012966
2.042765
60.686703
50.806652
128.325974
77.027878
228.610229
222.982239
193.464447
11.455261
4.931664
105.518814
0.066807
50.974648
6.736110
68.339958
13.513080
10.163871
12.960746
0.633812
87.813095
60.747063
84.312622
191.166245
244.511444
93.115189
0.000000
3.331918
2.698689
651.222534
41.978634
346.624481
122.654755
23.703690
103.805107
6.169178
5.172008
3.356017
305.277954
1.886931
26.294930
71.746246
8.760054
178.420212
6.289294
75.888306
20.971382
28.350237
4.154079
420.004700
222.174973
16.394266
53.974781
31.504501
43.495995
63.381996
57.544128
128.364838
155.223206
52.262428
1.884708
3.785125
193.900574
58.931065
240.853409
23.781794
73.513748
39.213226
4.389888
126.969917
7.651531
37.477001
83.818130
99.752602
109.738274
5.557604
132.470428
437.364075
21.597416
31.481167
106.868767
172.159882
142.459259
2.908420
4.703676
161.672455
379.641968
100.535652
1.305650
22.013515
19.427542
418.772919
6.810053
4.576652
4.376652
14.702852
28.307030
327.148285
7.466316
4.543630
47.791473
3.436164
122.565224
20.067371
91.011719
148.232788
26.026911
37.114689
4.133714
120.135857
159.777115
3.931954
6.912030
2.869992
70.002724
53.018494
4.037237
309.013000
47.316910
101.578522
3.293294
181.550262
0.660389
1.850260
6.903493
131.073425
61.984882
161.522507
38.801548
163.697540
40.458191
0.655787
1.986700
4.798719
148.776016
155.782669
171.359253
118.373596
1.501378
0.000000
181.115021
542.064880
17.207937
27.105309
5.365411
17.461678
171.420242
0.435396
155.292038
67.354576
9.904709
51.046124
10.275140
86.406410
4.981198
193.159058
314.127228
7.934327
11.625588
17.795986
44.777172
242.604584
54.222168
164.323547
34.275581
7.330477
565.978027
26.499308
103.814896
177.681778
42.029385
12.796740
0.000000
4.577703
114.643547
142.638458
56.878460
1.725446
46.716991
7.987600
41.480286
61.133057
59.648617
83.477905
4.228045
228.783951
123.615318
52.029030
27.456070
433.917023
12.263561
84.439964
153.126266
0.395191
101.693237
205.305115
129.748520
359.757324
6.173549
113.031151
5.541107
81.525742
25.827316
1.136265
139.042847
52.394024
30.411583
93.472458
0.750491
67.061340
193.002289
8.650673
171.522385
88.392113
4.318242
3.088984
1.467450
108.247078
6.601908
4.947528
233.284744
110.506165
85.984398
23.423388
123.513748
0.000000
57.741409
58.089622
62.521816
174.116089
4.408899
5.786736
764.824524
129.478714
28.987415
0.637355
4.047297
213.695801
50.291462
2.522717
113.764999
74.986954
134.203262
362.129730
131.178391
134.738770
40.924309
220.239380
43.935249
53.549240
447.504150
122.580368
76.845329
220.210159
2.906456
50.981293
220.323792
22.330414
7.903719
79.888153
6.047757
138.313995
58.990536
70.828514
4.732161
89.883957
9.506371
80.382278
3.528891
65.840721
1.422282
120.421822
2.622105
4.044094
0.438806
76.280571
2.554944
7.392635
27.458132
58.934265
2.252128
71.507362
148.807159
72.164429
48.917030
98.634277
209.465012
20.533167
2.466049
19.864799
155.727280
71.950012
31.225368
9.829214
33.330334
12.177069
64.690834
105.603569
44.720837
93.831772
46.292530
22.715773
4.150442
122.884926
4.842056
14.383470
4.692706
99.835274
2.492326
362.189636
112.145966
283.233612
88.384995
52.431053
22.796352
130.723480
7.709137
89.274399
2.199754
2.907101
21.678040
9.164588
75.527512
51.734547
196.972260
32.457417
62.171608
12.003536
149.344009
60.386410
1.401923
82.603271
74.003906
209.700989
20.291941
0.000000
5.256811
2.046691
3.961281
8.860323
90.030899
60.893303
12.750650
17.004971
9.186043
14.928968
382.625183
78.104103
5.339602
145.590958
63.661232
77.034981
150.505554
55.118973
8.284834
36.103554
87.666435
249.279724
49.123489
200.196915
72.944946
22.156374
5.004147
26.381083
5.243389
85.649162
49.410831
50.399483
30.806078
35.225834
1.242621
38.534824
64.114174
16.947823
3.744384
2.004336
51.615089
196.035202
69.648582
215.666809
43.044357
32.297146
118.835213
191.367386
30.335100
1.162242
38.038689
1.355350
115.879524
0.280707
17.287113
4.072328
333.455658
63.852829
82.595772
3.049446
111.370110
18.044981
38.167065
55.013237
40.438030
12.157238
106.894432
72.292786
3.841745
79.091454
267.210480
4.373313
130.478745
98.050110
1.789317
43.906193
222.654160
430.040558
35.591686
234.342163
24.780233
32.115040
15.875322
72.508034
4.151512
49.563946
29.254772
308.323120
149.432083
12.147448
69.347183
248.780899
68.798843
259.614349
5.676679
71.156967
149.256866
10.178574
0.828045
75.573868
9.187182
332.213531
52.386410
104.348740
90.436089
64.986160
2.597153
70.885529
70.177567
364.668518
109.078506
118.395340
202.559631
2.345031
218.239212
39.660385
45.822865
95.696808
23.370478
263.469879
5.439317
0.554598
115.589073
7.528517
51.030766
30.544065
88.694328
358.327576
1.459589
58.873249
41.613537
287.444061
35.764080
19.835352
23.589233
43.638378
55.059090
9.499573
4.147453
14.776899
84.218216
46.112331
3.390646
291.174713
6.611995
200.597366
136.277924
26.602316
19.038471
72.223412
35.646412
369.806335
7.671907
14.046234
495.579041
53.007225
8.271379
60.721775
28.046947
20.949327
21.840445
82.213425
544.297485
41.092720
121.190529
122.738274
46.689182
1.104974
120.318230
32.566414
30.299364
10.980909
133.795135
44.651703
63.314247
0.589635
288.653931
239.851364
79.297798
141.615692
7.742619
110.459167
7.317712
76.332771
187.254333
47.945457
249.333908
90.645264
108.445213
0.348118
85.786942
0.260711
58.094101
513.278748
305.605865
44.472248
78.780045
5.036658
3.959503
3.593031
3.463378
1471.164307
257.144928
10.293617
41.592796
83.412514
203.019852
405.644104
26.978561
87.499588
89.981255
68.659027
2.353014
136.674667
3.286561
4.452854
0.030400
11.032640
94.719620
9.354752
126.051689
229.856613
62.336834
19.439735
105.504189
33.446831
18.527681
3.408612
0.848986
529.028687
2.488933
87.479713
94.285088
35.581001
81.833923
47.491680
59.838451
9.885980
226.218231
67.043556
519.749939
375.400787
11.901182
41.543045
104.032234
428.632874
83.642822
28.526432
82.376900
13.244483
26.069588
3.827507
76.128311
63.867088
348.537292
181.676346
504.317688
5.064906
144.361435
30.107307
62.224976
14.022799
192.395920
16.553238
21.642759
11.783927
71.980072
249.526886
101.918640
135.821518
43.035179
4.903895
4.830399
39.916954
241.339188
30.749641
200.523941
72.319283
0.170395
3.145744
2.347695
3.308649
54.052586
309.047577
5.821998
25.518126
32.118729
123.429947
5.694928
107.131462
116.833519
90.043747
68.493942
40.318562
22.124342
4.658360
410.997803
10.282960
136.617752
134.099503
11.863064
1862.112061
81.744072
348.432312
0.470588
31.596027
5.611513
57.024395
23.893276
24.331110
169.381500
4.979739
0.719568
182.068481
31.230457
0.196963
20.017834
12.186193
124.543953
216.485779
35.547657
7.675282
10.940957
38.653942
61.291142
65.453575
9.530346
35.401596
154.300873
49.842949
303.217072
0.797160
8.606975
79.449486
222.646698
31.105267
135.551498
11.300885
38.137695
1.558652
99.060921
246.562592
1.574029
3.888796
111.020653
2.390497
156.953506
6.172640
102.652565
0.000000
38.442223
28.235712
22.726545
312.034698
94.834618
1.986714
225.708939
239.588165
1.781362
23.362282
111.633392
136.294434
74.202591
39.265553
6.405271
134.755341
100.070999
144.217056
72.654556
153.903122
15.408741
9.267355
255.437134
10.272670
0.789027
242.704956
54.281498
392.674683
1.133733
28.124880
78.204727
80.756218
7.161895
11.539623
20.063931
397.363251
5.457033
6.866534
24.422874
121.397491
38.196033
349.711823
25.328859
338.175293
133.655090
8.972905
192.562912
206.521042
8.463159
2.415042
107.403732
111.666481
136.694489
45.400505
219.189240
16.746716
24.995623
128.415543
212.553375
113.918877
1.479888
34.119125
287.819519
32.539375
94.116852
81.492302
57.643566
7.946247
22.355610
0.000000
3.007428
65.977654
16.436619
65.714241
3.960098
0.000000
11.666983
29.467470
200.455338
43.608376
162.993271
6.112664
3.189534
1.839891
25.161251
52.664253
5.296698
0.000000
193.687119
86.252007
213.310089
475.236023
1.731899
0.000000
13.047720
29.043736
32.991627
389.933624
69.683662
25.623190
27.001919
1.411478
577.995544
84.104515
121.097404
16.682062
16.631050
152.801910
15.502142
426.740417
1.861892
418.548187
3.323041
112.872543
355.557770
44.235504
93.832268
122.544716
396.846527
8.898292
104.909737
248.600159
11.690876
198.242035
96.815834
156.146500
178.905029
70.987061
101.333763
115.482605
112.036598
47.156467
66.919662
1805.827148
112.311829
108.419594
180.402695
15.468496
109.268738
434.812195
0.978202
33.119972
5.391375
101.208481
0.000000
12.505203
25.088209
147.431625
1.885662
7.256593
25.449766
426.039764
43.967968
137.439880
166.008286
2.440242
390.919495
46.850365
46.871563
6.378683
426.474945
0.716966
7.718303
89.910912
118.861496
1.354286
102.930862
98.929749
127.703766
39.582878
92.627556
419.287231
15.386250
299.794586
67.075233
132.393112
149.368683
85.637672
4.044920
234.976624
175.121414
32.156216
276.424622
61.208565
146.435471
115.754356
92.144234
77.278679
8.366377
4.639830
31.330421
14.878061
6.192219
251.845886
33.397697
117.615593
192.615997
2.294531
236.114365
74.666237
83.812996
0.319071
93.592545
22.887529
103.854294
122.469513
3.689332
1.607449
73.875977
71.309212
76.439934
13.767704
78.231926
21.555506
140.778717
18.381527
342.147858
191.031876
4.301726
101.631363
1.384359
6.045043
41.612778
3.041461
6.948195
132.155762
39.495155
190.653610
182.302490
4.175760
12.982598
355.799988
3.476867
13.185005
88.328110
451.401093
28.720226
158.819977
219.712311
18.140331
74.029877
29.605165
26.125912
3.185824
48.452621
24.212202
33.486835
1.608186
5.870944
112.802841
665.285706
18.834255
4.621785
177.787216
667.609009
100.527901
14.910651
0.180640
274.952240
320.495209
53.339787
265.294617
37.154274
23.931164
406.268585
7.651531
23.251905
6.617560
37.991844
87.327202
29.796574
2.732553
163.295944
12.482165
56.874294
189.782745
69.612984
142.070694
339.244415
4.199471
66.551010
71.753220
38.623783
60.135220
0.429146
99.559845
10.421162
83.757164
168.355972
1.467116
169.847107
11.294661
167.598083
31.745583
16.761644
54.442822
122.603470
49.409355
47.555019
118.535019
299.259491
66.611137
29.169874
61.709061
4.671150
0.778420
1.220916
52.401459
42.852242
109.446129
17.939192
101.252205
1.421384
146.593796
24.191208
330.098938
13.855653
1.455240
2.537226
12.640045
151.302902
66.269562
92.551025
50.198582
5.753644
46.104683
12.669631
46.756813
98.114273
9.461095
160.708511
76.368439
89.166199
28.223156
0.852014
86.382156
76.041489
598.827820
44.157909
26.374941
115.248055
28.731098
4.594369
72.671700
144.009186
133.413498
115.470604
106.789635
77.234650
110.964470
317.430695
74.216789
11.514213
38.070786
0.000000
340.959076
2.423601
161.431946
98.236519
30.372656
23.412390
1.197252
2.870667
8.196267
47.634361
206.686752
17.896006
26.875923
2.844611
8.977552
140.361526
4.441746
257.094696
7.135348
48.263264
38.240017
1.344205
41.560425
52.540325
2.988516
28.819523
19.712776
1.694815
220.763046
343.195038
0.678808
130.375595
104.177879
245.924774
9.430075
85.363220
89.942650
94.255058
123.549026
3.248500
64.081177
20.382263
143.363419
349.076080
3.350259
65.723976
4.683143
1.502963
22.736322
5.009826
48.104759
5.756699
4.168878
169.041519
91.112991
700.533325
3.560005
50.216187
4.765125
5.621010
239.051636
13.579646
7.360919
4.135511
36.036552
86.441010
92.221809
26.151489
9.960018
23.536644
57.111225
33.047291
6.517005
11.381399
22.244074
98.613281
60.413872
30.650709
2.420201
46.073875
76.268639
7.080273
4.996740
13.284825
3.964633
5.804698
77.999313
127.911377
0.000000
16.717890
9.207266
4.312969
38.038780
0.284626
151.110275
4.433234
53.503651
12.620712
60.417328
27.744045
42.378490
260.286530
40.521767
0.000000
2.134810
21.601580
105.242149
5.880416
3.420677
67.155067
50.648067
4.605482
102.096252
133.952957
38.268814
56.682816
116.014030
5.130257
0.235751
55.633415
113.054367
160.457794
1.979718
40.293842
109.062080
90.677864
214.802353
362.995148
27.885429
114.227913
172.056778
0.512521
87.883171
137.310425
131.010590
75.506058
2.352310
40.516003
142.581207
7.088588
1.973714
40.922871
83.103790
193.814529
29.198732
47.772621
252.220291
0.380409
0.463876
2.910269
87.868340
192.339584
172.720520
161.533051
370.688263
381.094238
74.465828
8.792966
75.711136
283.523529
26.939512
83.455437
50.779747
637.990417
71.298180
89.500847
104.104279
119.640976
55.134949
93.218056
303.109009
54.506680
105.628731
2.208035
1.534171
113.071121
29.357548
114.094910
365.043243
36.814129
11.788536
21.151573
13.953253
316.673004
27.430830
149.509857
102.291748
205.037415
150.115723
3.356017
49.024242
27.226923
2.293792
115.818230
95.604774
9.942178
1.794033
381.763855
174.368958
4.009028
84.043015
45.065598
147.502213
190.574844
394.696716
9.493977
82.562256
101.698822
93.943886
9.249306
64.563065
1.262909
46.259525
250.080353
55.727848
11.645679
85.061974
188.971100
65.369026
46.469513
27.753525
119.810516
57.135780
109.391052
125.181679
0.571906
80.549545
103.707901
236.642746
75.792091
8.048520
5.711710
163.594696
55.999889
16.424711
102.413528
160.376816
102.728912
13.746203
193.528625
78.763916
53.750977
30.591663
73.531975
3.185824
60.953331
1.797389
40.560371
375.860199
5.479944
30.104935
460.569702
26.138216
24.506495
61.502449
24.974398
30.855347
2.540201
18.692802
328.578125
133.195892
80.910423
108.844025
79.275589
36.134979
10.472179
144.851608
118.764259
120.492943
6.472036
136.331223
55.957371
71.950081
534.373047
67.252373
126.025032
70.950821
222.931717
3.144151
645.264282
48.235317
0.000000
1.856375
4.136862
0.624633
288.476654
3.576033
48.158325
319.945923
4.845746
81.988266
124.943878
13.257299
374.332245
13.113644
560.765381
303.141785
438.458862
83.364029
27.108719
3.641807
4.349177
5.733170
94.645706
12.281232
296.591461
5.271698
112.499252
83.143822
110.683891
83.773209
0.953924
46.453487
2.814551
110.626389
74.742195
54.907833
158.857635
29.208202
5.879905
53.599346
41.467384
238.805206
317.850952
294.893219
15.807240
4.827181
65.669846
0.000000
81.686020
0.000000
21.303253
142.849854
22.405863
8.893302
304.081268
48.177433
23.521315
115.930695
8.486374
449.190857
210.481277
108.138573
5.640385
107.746780
7.979091
24.436766
348.751373
44.554173
83.952469
411.256805
19.396828
4.249826
155.910934
16.819977
40.631111
99.750969
26.313431
10.744966
1.653863
129.099365
44.000797
15.818457
907.552307
141.221130
52.975548
74.981369
46.082733
71.997719
94.321396
79.259361
8.528113
8.030399
33.152821
34.847855
399.798859
627.974609
1.814286
59.948383
13.407920
110.701790
50.602440
30.978767
434.928986
8.323297
12.796207
27.712545
23.108582
3.772920
0.914441
3.976958
2.307308
1.195080
30.061256
49.790283
25.445063
117.715126
2.799227
17.214727
41.023933
26.598354
19.923088
94.126381
70.093857
32.674088
2.487730
3.550237
21.231089
248.314438
3.150134
241.509109
41.663593
77.553360
124.598915
104.223022
682.791321
435.945801
64.060135
116.269012
56.315746
284.431549
45.497372
109.455345
5.041179
333.866882
69.267227
33.829445
6.746407
24.892429
9.412724
48.548523
106.023712
5.737361
2.647045
22.613340
0.000000
1.641031
36.653954
5.931613
2.655071
23.394440
82.657661
17.449345
23.585798
82.562019
19.803431
7.960515
4.002609
96.445686
62.895775
61.399624
0.140783
60.848755
74.516800
10.582566
22.187649
12.338300
2.862895
99.737137
105.367867
25.186800
413.042084
8.166176
4.738137
7.307539
493.022675
7.389901
14.765112
218.888123
168.074524
31.224785
1.586710
8.225681
82.598602
358.425934
478.486237
0.804419
2.277254
259.205811
281.516052
4.488106
308.127899
912.379150
65.200371
1.093515
24.405073
15.200449
602.390198
79.948265
22.294464
154.522598
329.526825
76.702736
92.686371
13.036756
117.086189
122.045166
261.258148
123.367302
83.487091
240.610886
30.890417
15.677742
68.949043
56.051201
107.044868
12.850801
160.885727
38.477570
108.367477
0.307132
222.062836
6.601881
343.737396
270.839355
3.108607
3.880196
80.050545
46.859184
36.009533
342.342316
289.056671
452.426300
43.473320
50.051033
26.831934
0.972794
52.858337
71.947472
332.425232
18.411957
136.623138
29.253069
366.483063
9.846278
4.282852
56.553028
138.071869
16.523603
0.508847
1.103549
27.889210
1.780701
95.276337
0.000000
15.011486
46.214905
1.725446
3.488104
54.426273
2.614414
33.547264
44.934254
31.109028
68.602913
3.803268
60.405849
54.013748
67.481850
335.166290
109.874489
81.749008
9.345217
29.565088
124.848907
48.008884
29.814400
0.595733
275.403687
1.716014
225.480515
35.767708
3.533867
16.814310
104.692596
34.208931
18.723984
127.562454
106.692024
19.508896
31.296223
21.892984
22.735123
0.000000
108.438637
8.260496
2.117836
175.771866
100.129478
3.829958
2.837380
53.627472
56.046902
0.000000
14.623400
153.189041
152.417221
117.443382
170.935349
0.519782
313.107971
127.991119
10.054107
276.570984
38.529491
115.563950
18.243326
105.845299
54.870285
4.018060
11.065380
355.303192
105.027718
140.415604
3.737590
4.640569
0.000000
0.806272
74.320549
12.656904
175.277603
0.000000
3.367815
31.445850
73.003853
102.488312
20.161125
10.949760
4.799029
38.915073
89.152016
152.648499
15.708794
215.157043
59.167175
1.723766
210.141510
177.616623
42.121231
18.493111
23.835251
9.872519
6.525453
47.811138
66.102745
37.575947
78.213188
87.366379
53.592865
100.886353
3.002893
24.550079
190.705246
618.200806
94.914253
22.481840
2.049141
2.938508
2.316208
71.898094
5.068747
0.073763
57.820786
35.733521
126.539833
70.467499
2.007654
130.590637
628.656982
57.744602
28.078815
294.445160
28.606672
46.204910
11.044936
145.568588
9.006356
18.253086
25.876886
7.684829
93.112045
24.572548
91.736244
37.437519
4.161928
38.404831
13.448077
19.250006
0.657249
3.052947
59.565586
2.296989
211.198471
7.716636
390.285736
165.714447
40.617001
139.054138
278.640228
310.141785
72.539696
178.944580
262.399872
84.089096
2.665143
40.638287
45.728405
79.819298
67.170998
96.379631
146.505569
6.224295
3.442832
244.196503
81.530426
62.685619
38.999496
0.030400
45.168877
84.220245
165.431046
31.690186
137.864471
38.162918
66.268791
16.665283
3.962654
3.018527
0.198051
312.287048
328.297241
73.544418
77.736214
1.206733
169.457153
140.690521
33.183956
1.762846
103.811401
307.374115
1.616306
176.915161
144.258194
29.892174
135.055008
189.367096
189.436188
4.422961
24.436983
57.892689
361.234589
26.911388
271.868439
1.773582
69.271011
212.399063
8.583653
236.275986
76.603020
11.389791
12.464899
21.093702
12.197168
6.465038
33.316113
66.002762
547.167847
140.229874
3.816322
145.112930
115.977318
20.683279
28.609432
3.477315
95.898979
260.395172
30.392693
2.585103
290.011749
230.462296
6.863425
46.549595
69.299637
342.928925
5.440272
14.954274
0.169288
111.424294
34.179405
247.734253
104.261871
599.850952
16.874399
25.642773
121.447456
2.553301
87.362038
54.327148
16.129803
11.141068
1.938033
80.040497
5.023061
110.656204
73.638000
12.045196
100.309410
57.349850
111.369141
45.055069
148.817154
282.914734
0.000000
79.524330
31.586300
171.159897
103.998184
0.000000
0.499287
11.659492
99.131317
3.496942
125.029427
22.882751
0.130613
255.832153
155.782379
29.680950
197.194992
194.101425
30.735415
98.505890
31.272453
40.442860
35.596416
169.504059
24.552393
139.659561
342.377350
3.050233
149.911285
140.001358
11.903480
79.639870
185.743027
67.325249
3.617309
274.592865
25.674807
3.003942
182.889923
0.846787
140.454849
3.200506
288.869202
108.072914
612.233643
1.606189
0.887857
1.103549
128.872025
148.807236
313.994720
136.427383
72.315720
7.772305
89.450150
166.432648
2.780495
67.062157
1.054336
14.356023
19.363708
64.884262
3.161410
184.334488
33.621960
106.058167
333.364929
22.574921
67.091110
26.471149
353.196564
5.183119
17.303335
116.655540
4.538967
10.235732
76.412682
17.048578
100.618568
46.538189
35.241184
81.155449
17.100384
72.847839
241.936417
39.255962
64.469810
2.892549
24.964979
29.551056
7.360919
9.124494
2.381955
14.957652
42.108402
2.189696
3.574337
6.261657
4.527452
78.470299
88.675339
334.593567
91.182152
16.436619
60.007931
93.812912
14.333556
0.000000
81.070328
16.360533
55.963345
15.667398
7.225750
24.554422
104.696075
210.806244
33.750481
58.008503
14.128316
370.441986
10.973289
0.288949
34.329346
150.134384
94.119118
31.350216
14.688336
61.245327
139.551880
2.383381
42.811497
1.970145
17.768595
16.215193
21.402464
7.028137
106.989761
2.384520
17.105667
50.311829
4.265192
45.536552
0.000000
221.885071
16.115475
77.711815
34.053860
4.501333
121.332603
58.676922
123.191063
10.013701
102.863731
11.327611
0.749535
7.300952
53.076313
10.056105
31.161785
4.827715
9.718037
361.312134
6.262612
23.123629
1.854189
1.269331
41.357552
98.070702
19.611547
60.707531
1.324905
144.531906
0.426119
22.869528
41.427654
3.196407
6.274263
25.119215
3.915685
26.746161
5.313697
214.927521
249.186417
1.709087
11.324225
34.687672
0.000000
2.996903
3.933259
41.711529
58.659027
4.653349
42.471806
328.376068
60.590416
15.561974
12.670739
178.604080
181.934021
542.088196
9.935519
11.353288
58.060581
155.293533
38.266079
58.781792
17.445778
2.997874
88.700226
75.891678
78.128700
7.709641
1.670708
26.732536
71.062065
2.502602
4.990951
20.751347
621.376465
424.138062
4.127718
4.940122
14.456811
0.000000
2.020211
36.726177
4.333612
14.253866
284.545349
134.550293
1.661854
8.298175
44.318462
237.306915
38.929493
44.153988
70.876305
126.792587
12.278186
114.808212
3.131896
42.070637
67.900085
218.143051
29.381819
9.562286
135.544922
64.154396
72.418571
29.345882
62.875732
2.215187
12.711405
4.246363
26.469610
273.719696
49.201370
343.536926
172.654022
4.561417
84.652412
99.122437
2.639984
97.369972
27.063606
368.635040
1.179555
115.143951
185.129791
40.182720
76.276077
1.061717
27.220242
15.748146
1.500773
16.478390
2.746113
54.472202
95.649467
13.555029
124.161163
43.027645
5.087562
105.556503
64.620956
15.838766
147.484375
1.907095
3.146513
11.858345
408.753357
5.045384
188.604950
0.486868
102.159195
85.602234
28.910757
17.420288
98.487488
6.920140
53.644093
227.928055
195.646240
45.553078
124.867271
180.166183
53.630520
81.220505
173.797241
19.255932
20.946743
3.748750
154.629425
26.866386
86.249344
320.872833
0.439615
13.187163
31.972507
182.346207
10.348125
137.192017
71.973495
20.729992
113.264488
62.103024
179.654541
1.116194
5.028315
84.081306
229.235596
48.925968
2.215786
5.390904
39.349064
1.814696
82.350670
305.886963
33.441788
37.801235
3.642366
336.559906
3.785423
130.632065
0.511123
79.867714
117.683434
28.978352
32.647419
0.943356
14.694191
4.194867
107.731018
74.011345
143.152039
86.405373
28.451014
392.858887
40.832062
3.596519
71.624489
48.582581
27.334543
383.577606
142.184250
26.708908
24.580713
59.591499
2.022200
4.297246
314.864380
227.998581
3.792107
358.091553
106.433113
229.007584
45.330685
1.178960
58.281277
273.256104
57.754490
2.078442
173.693253
90.219917
35.478729
2.540333
43.227783
49.571442
175.058182
83.925819
315.941895
70.936554
333.589172
91.196655
506.227234
167.801453
50.189819
350.202637
0.000000
0.598330
15.687666
1.042069
122.236938
118.685081
164.637436
41.795879
103.528412
94.531120
1.355350
32.688999
2.352413
148.364426
24.174120
6.455216
116.772179
2.456559
568.947266
53.126671
34.395599
67.954712
76.323257
63.028267
98.959961
343.540375
17.792469
12.992276
133.320084
57.359978
0.963787
99.871437
92.455383
87.300461
84.514389
10.944602
151.750046
2.883812
176.102768
28.987465
233.807938
85.053520
115.186272
2.053615
0.000000
4.922369
52.808922
157.557343
553.468140
23.427004
863.828552
185.483551
22.863331
1452.135498
70.430870
75.818901
242.846542
253.592514
86.528908
25.693676
1.872239
12.908036
57.948936
69.170097
1.653159
4.980253
168.374146
14.301576
118.944862
9.818334
68.889328
7.745146
75.434586
145.508911
2.220945
28.368254
64.883636
63.918640
64.971344
106.890625
143.140839
39.511784
0.000000
70.168945
107.161987
210.698196
148.609711
84.891258
10.045618
3.795420
50.999836
0.930857
43.183884
179.921783
100.087921
30.451157
22.395256
39.493130
114.450653
306.636108
2.800255
71.642082
24.824938
50.469051
11.281310
48.654079
114.803406
216.718628
78.433403
66.050323
375.195709
8.520567
457.308044
89.651192
132.933273
227.148010
85.800514
80.620895
28.936747
21.594641
20.644468
60.911720
62.676357
0.000000
54.380516
82.456650
41.524620
40.017941
60.206947
8.942369
21.154917
1.422040
165.509155
22.857239
24.714819
274.923309
73.448189
92.485519
103.224113
589.917114
21.372103
109.678673
79.471817
0.165703
199.023956
167.020477
0.581286
255.092804
62.431286
110.558281
0.041562
56.380829
40.882759
3.529394
22.046482
10.404955
44.666954
80.070641
49.051407
1.887744
0.000000
39.333771
58.276840
16.856539
11.822887
13.180468
15.424761
22.939173
115.303062
190.040283
22.780903
4.567404
106.268288
123.311455
66.038109
37.144890
131.125458
137.609772
266.416687
2.457979
28.038410
16.982611
35.906261
10.616798
79.146393
1.290377
5.718116
80.809601
196.424561
142.870010
113.946007
83.959274
122.840744
12.790972
55.316536
1.241148
1.585934
224.219208
100.081123
29.997057
3.198534
1.855798
12.641996
26.377218
78.950272
447.696228
51.001720
76.760155
3.684094
29.526505
3.003047
2.851709
79.521332
72.302223
72.471100
136.983551
16.022486
144.425491
180.014282
31.811527
2.622998
53.385746
21.463617
21.615099
35.192188
11.800122
3.765402
41.314068
73.763809
2.567937
6.539660
1.624380
43.616257
32.428871
4.444168
143.755646
137.650085
205.387756
30.867706
74.616104
8.922189
1.435075
4.051883
68.863007
39.764500
83.508606
2.150887
80.330368
11.409513
50.721954
76.723526
1.349636
128.953979
105.320656
75.628807
15.439142
17.068697
68.262230
8.435376
370.563171
0.748720
82.687065
104.910950
36.379063
70.700737
30.620485
10.200209
0.484321
64.838722
309.510986
175.904755
10.797202
172.617752
207.930756
112.977547
29.522779
124.768761
73.168198
75.686409
49.902237
6.609203
61.447842
25.110840
88.584221
3.945998
2.502512
8.058874
289.840302
62.627434
364.094788
144.308624
91.730408
134.086807
337.709503
2.009297
0.058302
109.846786
77.769630
97.490829
6.229213
4.732161
3.882247
77.779022
228.686447
409.112030
395.205719
2.074929
164.643753
38.928654
61.877815
34.172234
1089.365723
2.550901
491.270325
180.646957
86.165924
33.486496
19.539103
167.325607
17.775263
256.729340
8.987393
4.284938
41.463810
48.024406
59.838161
44.151146
74.478348
56.100735
5.508043
10.297585
50.337524
38.777626
193.285202
3.016396
138.447922
5.042104
295.211975
181.842972
15.608646
1.430097
45.608162
41.954723
59.675865
0.000000
80.486115
11.137826
3.130424
36.912781
94.091187
40.792664
0.000000
3.094264
55.412109
176.548370
104.240288
3.519173
16.147713
10.685470
391.656311
227.674942
11.264640
31.659428
304.122009
42.161270
384.440094
3.328259
215.046570
25.959490
67.476395
116.821388
103.068573
66.900040
9.704390
78.099724
0.000000
31.633850
110.645660
399.124207
2.747590
27.632917
312.198334
236.005280
68.976761
50.658916
36.270157
5.360166
593.009399
2154.716797
5.359202
265.267700
205.762466
6.539660
186.164688
301.385101
22.689844
503.907745
4.099668
39.438580
0.237696
79.591820
160.818665
11.714426
60.696648
27.336914
79.961624
126.269730
132.168198
0.078123
53.979527
22.864077
163.138474
8.802892
2.225662
8.528113
0.006154
4.443811
20.546354
67.625191
53.531750
20.673666
35.604828
18.805761
2.268358
0.000000
0.000000
1.870039
80.471893
25.824718
4.572062
188.303757
21.788500
29.400476
2.371772
3.003942
3.644132
0.803884
1.241148
391.054626
106.775864
96.167381
90.463562
148.032684
20.490044
174.221344
86.443512
182.416153
2.466049
4.110919
43.465122
147.054657
64.524155
89.939354
74.551231
31.085739
13.449268
197.990631
31.393250
5.169781
99.542496
2.466049
26.514299
117.029556
1.205612
127.005798
2.306780
210.504471
124.722237
22.796499
197.783310
12.150470
84.847855
21.789955
27.357872
38.708878
339.327179
6.450191
1.877352
9.062738
3.058335
56.268650
129.129898
488.845886
66.343758
0.264945
82.479378
19.120142
18.099182
19.509836
40.109058
153.449905
114.986664
226.949875
195.104080
0.957539
106.726944
41.912449
172.718033
152.145844
508.116302
2.702821
3.021004
273.867371
6.156192
85.985558
96.186150
167.188416
5.116612
41.082848
30.842196
45.873619
20.736650
29.706306
159.278183
2.306780
0.000000
26.271667
4.529171
155.830902
6.387617
99.671158
2.773199
70.577690
6.872281
33.909538
61.730621
6.824013
3.313844
87.004288
3.548165
120.727913
39.116196
21.388378
27.139221
0.000000
96.324020
101.751137
13.964391
15.979090
68.472603
336.307953
117.278801
11.394344
19.100647
26.415096
42.271748
3.800330
25.643070
76.482925
6.166769
22.732328
216.266357
4.561771
0.000000
33.169296
59.349232
45.845924
382.614227
23.639809
167.308914
52.727276
52.327461
56.397194
88.220413
5.733757
64.618080
53.348183
94.517456
370.945007
95.863541
3.799966
2.760721
49.994637
16.676275
112.217529
2.680574
95.860497
283.688019
280.912933
227.867371
1.248272
65.512672
45.449062
4.323390
103.371269
122.188408
53.360622
105.615517
124.638573
613.141357
78.286804
228.739471
179.724335
106.946823
71.584953
5.450427
8.129450
61.942101
45.770214
219.440948
206.345566
7.789989
67.804611
41.935394
0.161650
84.127731
6.653902
241.780777
7.034215
317.145355
9.918268
5.397641
23.404987
17.317511
44.034809
53.879185
104.819176
299.355438
198.644516
103.295204
2.057970
99.842094
57.475830
176.014954
33.952473
43.109627
23.087862
2.237352
1.944488
267.422119
85.356384
480.372528
108.706039
145.237686
113.477295
252.663437
147.123856
64.053871
9.599468
16.152657
109.596428
27.818422
14.556684
14.870015
43.255669
76.233566
41.103302
135.232880
243.960083
115.781029
17.148787
0.802856
46.332314
258.779083
326.700775
33.839397
18.790472
146.467743
2.699180
95.587456
166.216507
20.912989
106.839294
366.185822
141.196594
102.790604
4.358061
122.428246
228.917221
123.685219
9.278504
6.180840
11.061555
18.273979
40.545757
1.400432
1.041359
131.210907
18.494137
19.182531
146.637238
190.210068
131.999084
7.172143
119.079399
84.160248
18.443682
0.787213
15.463041
351.343933
1.063554
7.671591
127.341461
118.425919
169.347626
72.311592
8.210589
52.354229
21.196424
36.894886
59.248940
114.814125
1.160733
91.047745
0.000000
185.331024
35.016529
94.541237
0.000000
236.681717
144.237823
20.827496
542.361206
93.890343
54.649414
65.308952
101.613358
61.022114
248.207352
795.818481
554.111023
528.032837
19.032232
43.614227
5.737380
824.892029
0.283594
61.466785
4.116135
81.046227
63.415771
103.145821
78.945930
1.880650
63.012085
68.719902
140.531631
2.997604
18.794966
405.244873
366.638000
223.965271
65.065971
93.826027
18.348305
332.594452
0.000000
87.748413
29.005066
38.134525
144.281189
137.787415
30.273884
25.515173
17.411959
368.057892
155.879074
3.799214
7.084478
89.925697
81.750153
1.341776
22.134863
88.174904
75.880905
14.170887
102.642685
203.836716
179.788544
51.962002
3.952572
2.251716
78.039474
6.357313
212.254318
107.382439
86.925179
48.276409
2.898548
102.851646
6.975032
80.511139
0.000000
93.714951
75.434296
58.631069
179.959656
7.408929
2.877663
105.254105
150.432602
90.457893
37.825119
106.542389
30.989565
247.238739
12.020927
158.037872
6.207846
202.731506
3.271761
123.299835
148.317078
651.051453
128.682281
14.810017
129.272064
81.886787
248.712296
112.865913
329.882263
8.581908
8.586935
72.413246
139.742752
7.020067
24.978924
0.000000
172.209839
56.456837
0.915105
14.717850
73.963928
4.897708
1.814286
87.356979
82.986732
227.055344
21.288630
9.807985
36.138409
9.909403
1.642785
202.429993
42.982445
15.734703
91.510735
15.303005
23.200661
252.941910
23.031916
13.286889
116.795097
16.083220
89.102074
23.345640
24.118914
92.158180
65.992477
371.003723
8.609471
4.908234
7.677601
468.312561
0.484491
152.978622
107.403633
1.591192
1.855762
128.042007
9.182112
26.764750
116.331154
63.975250
318.194763
0.000000
41.331665
4.814255
8.538089
116.186623
56.279026
0.000000
128.802551
32.098640
172.370316
61.302727
247.904633
0.429657
268.823578
234.378311
50.912849
2.466049
0.026319
57.939915
30.618458
62.074989
124.642769
8.027504
5.087677
28.588417
125.518829
160.255447
14.267584
51.128696
33.108845
75.254532
520.710327
209.964890
103.112053
101.680511
128.616943
23.365074
1.988599
81.768303
197.545639
7.016110
9.438177
21.045273
5.300266
6.328410
449.807373
48.469437
9.960449
72.364815
12.632190
62.049789
318.219116
185.249298
28.456829
34.118423
1.401150
2.590787
126.623299
28.199350
109.064651
11.420255
104.107689
313.890778
6.839309
69.486130
601.535706
206.118683
245.786819
4.479495
279.481842
280.099335
16.111858
214.051025
198.782974
142.061829
3.300066
28.408438
17.336643
171.438660
217.519684
3.598956
6.134301
26.206289
219.631714
230.418381
16.455248
6.539660
76.678253
131.285263
99.481148
0.136528
176.464752
4.248368
102.451897
45.829216
24.776625
10.180120
103.266068
106.303177
0.000000
303.885803
0.018361
48.624432
0.000000
1.783058
2.343460
139.585129
22.472275
378.924622
46.062553
134.964462
16.338762
16.714626
6.533120
0.101377
2.423036
50.367458
38.114777
118.789505
68.276764
87.556915
31.413166
6.929606
532.834839
0.000000
19.839907
84.588722
25.490309
260.103302
62.278755
139.723022
14.164793
112.309448
220.817612
3.812543
158.838425
30.536915
347.178253
213.035995
48.856491
49.228859
22.295181
78.782364
0.019543
9.360508
70.134888
270.068939
94.685669
44.688614
152.364563
9.572924
195.030594
117.890511
85.130859
374.905029
454.626587
7.609501
18.387093
1.545804
90.295547
94.708305
3.225929
51.347023
1.545070
101.419388
178.682037
70.982498
63.507126
14.186093
62.824341
2.559661
62.859531
28.232311
100.528778
54.312374
8.945599
584.273865
206.313538
255.788086
2.255398
248.621109
96.994125
1113.112915
401.888031
0.791320
1.698651
0.000000
119.995110
169.680496
47.425537
47.352173
99.718689
2.030142
185.526596
31.529419
37.492027
55.654427
178.355377
93.729492
29.603479
446.147095
147.028397
105.827667
244.973373
273.023926
9.287946
7.711548
74.654770
3.820813
78.761330
17.652325
31.764866
457.854279
6.518871
28.710810
66.522377
55.692368
9.398129
28.731161
352.424561
148.206970
114.676804
93.271492
22.886852
6.972372
10.688824
1.159570
2.111144
28.902477
59.824585
212.563965
16.064856
4.635682
237.125168
199.216522
138.797455
16.457596
0.000000
110.056717
399.464935
17.892843
347.208466
3.882760
16.120054
25.688852
29.894819
4.904750
11.520199
11.959725
491.555847
72.220062
17.611141
167.716309
50.461014
313.505432
10.182796
18.820633
83.468483
28.585215
15.907207
143.490555
166.638199
130.631180
20.533972
251.958038
89.185036
3.134316
125.314484
103.702103
7.903475
0.000000
4.511228
45.711922
322.989227
198.465240
118.942001
19.727512
4.042500
29.685894
77.697021
185.483368
204.351517
104.890846
152.418686
23.362322
54.432194
25.231310
1.518971
68.516609
166.434799
29.203514
203.665955
1.290377
2.825095
24.462856
67.215546
10.311513
36.046196
79.233574
59.346008
224.657257
0.571528
61.230785
79.364601
55.740265
109.643059
0.376427
127.158310
158.034836
2.169105
20.297577
12.058820
18.418007
55.909534
81.384789
1.243299
118.767235
18.230066
26.811138
146.281799
9.306079
1.090827
193.308914
125.593178
78.773956
50.415173
0.929301
159.510620
359.732910
8.584474
7.184979
66.838875
105.833069
144.171356
45.811604
292.270691
69.280533
664.978210
72.242760
50.395218
149.080856
115.994781
1.112641
3.289862
187.625626
27.861782
72.110443
240.364929
113.877235
9.868369
96.488121
108.384377
5.556774
4.131482
38.421173
0.145996
65.289261
143.874557
64.995567
0.000000
110.802078
16.373150
42.478897
62.133904
57.747570
13.518087
338.770996
98.790321
89.071144
789.755554
233.767639
1.921436
110.376717
0.837643
67.398300
94.122658
73.554268
27.126022
61.885490
15.982985
502.002625
51.039684
189.182831
10.311243
87.733009
2.343026
3.325089
92.662659
48.077522
140.992584
156.810837
287.540100
45.794621
173.748901
131.762680
0.479033
21.624849
44.030880
39.218761
1.865669
5.130257
5.099978
108.945892
0.018082
3.786773
197.104752
38.740181
486.710083
97.908707
90.040451
26.833757
212.020050
1.299341
45.693237
882.428711
32.521004
183.018173
110.369492
593.809875
3.623555
89.747375
69.822563
71.087227
163.676971
91.065041
16.589567
14.354804
53.609138
124.552811
107.147240
46.403576
125.156174
84.265045
3.403210
10.773978
4.673983
361.393188
27.791006
284.394104
26.209845
307.833099
341.043213
27.111944
0.470620
171.032120
151.683334
6.527551
24.739176
125.580444
106.903282
2.494982
97.822906
6.997511
5.003625
82.691498
431.580292
91.685936
57.912014
18.627949
4.512398
65.695099
0.000000
36.775021
17.132900
108.718445
16.506241
2.192950
37.868973
56.151047
5.824084
153.708847
0.268491
43.082504
42.514168
72.851433
5.483311
141.100876
457.644287
175.683121
182.625137
7.976008
226.893372
72.265465
77.220581
97.587296
489.320740
5.753399
94.617165
198.492828
352.829254
31.538910
184.206924
13.443572
27.544840
1.238301
1.709087
176.156738
23.127430
9.653580
230.196014
50.996647
0.654527
47.144012
369.160126
48.540466
100.726006
162.827332
102.085045
3.973080
1.742169
0.000000
67.681297
418.728058
95.053391
5.168427
0.179014
66.586578
734.700745
67.277573
227.728378
267.545258
311.951263
74.574654
101.594566
4.480206
142.390869
1.530235
4.224186
3.431952
0.628027
59.948875
34.464882
373.529175
124.602272
17.830349
336.665039
2.270752
2.183935
0.572133
66.329117
97.433266
13.211456
160.020020
233.869751
167.962906
50.340782
103.363853
0.000000
1.951245
52.582123
149.113358
55.037601
1.200260
50.767971
3.628531
43.930298
11.636568
98.991234
81.006409
91.759598
65.396942
139.558441
81.108261
64.064354
55.530159
10.679856
95.742096
96.428032
7.959887
41.869694
231.983536
9.089888
48.252987
60.193111
36.641201
5.000142
80.840073
93.829460
100.522385
120.376091
617.268494
9.893605
139.647614
65.275543
21.158022
127.439163
46.526928
83.046783
86.258331
39.229759
72.921608
33.305004
79.571571
15.255707
47.767029
82.176529
29.465960
177.071671
18.455904
18.978506
2.528868
38.674252
64.049500
2.513097
7.653640
196.632248
2.547030
456.412903
20.314228
233.784424
19.485136
2.580722
37.421219
79.610001
60.056999
128.582397
68.381096
203.542740
48.576302
42.528702
43.963692
24.172205
126.691597
5.410097
23.058201
46.166515
20.293114
54.699619
65.674774
0.000000
3.260752
108.741096
750.426208
10.149356
33.004295
0.972257
547.202881
23.176197
11.485519
60.193550
1.117796
3.653711
1.334250
52.082981
60.119362
21.215881
75.594467
1.166326
0.956132
42.060585
31.709385
31.716118
4.080980
36.706436
25.065981
64.235344
360.406097
0.212650
392.915405
18.530241
145.010818
29.734381
0.284626
2.339145
78.088036
5.550255
18.690887
44.893280
3.109392
11.316923
8.511018
493.514313
367.428772
3.366572
2.456563
5.817727
39.966385
226.085663
117.316376
123.337006
626.421753
407.024719
274.918304
25.184034
3.920389
9.632407
23.713125
346.130554
0.000000
129.557068
162.894226
17.023155
17.068573
4.523743
5.047633
14.210813
49.845398
26.184206
14.085696
91.951225
53.260414
638.006836
24.960381
123.215820
32.005825
30.688137
1.541427
16.182331
397.950256
1.723712
100.905495
0.854452
0.822250
1.262050
72.292366
28.367561
0.538222
2.778385
121.749809
47.215839
43.832527
6.998980
3.920726
0.716966
37.559631
10.097228
5.468261
363.328186
357.406586
154.442749
74.326912
3.619782
107.778366
142.682022
86.240440
2.326701
116.338875
6.588866
238.864090
21.714869
0.000000
2.351836
12.519139
17.043402
145.287201
59.210800
136.104370
17.959803
7.771680
3.453245
83.128899
322.848969
80.212830
35.424393
429.662933
216.243866
8.861454
130.557007
41.846806
109.580078
2.264097
1.314914
70.800980
151.264267
47.683178
143.281525
1.918296
170.199066
86.793549
75.989563
335.920685
170.547592
49.568138
38.751656
324.028900
11.935930
13.787079
65.834152
109.883476
25.587667
124.175850
76.848305
103.136284
225.551376
437.114990
11.838326
192.780945
310.933258
156.055557
5.131311
24.374884
373.741028
62.341667
1.531008
12.926631
105.985191
22.273348
69.969345
222.037003
105.486008
48.956699
66.641159
47.652256
198.914108
39.082523
186.908691
6.155842
41.360439
3.663195
2.750576
15.506313
56.481773
17.031563
47.257336
49.586807
55.178276
78.480682
132.009033
0.486868
30.276463
43.699966
142.094025
57.176102
130.146881
1.166326
29.145536
86.104263
13.448904
0.210613
47.437119
150.859299
8.907115
193.801346
15.066544
0.000000
481.803741
131.127472
729.721436
74.222816
501.115479
119.568291
57.598675
50.749943
2.270008
58.378227
51.492134
65.319862
125.770348
82.006950
41.740726
38.973373
96.548706
185.684174
3252.942627
13.379580
8.066009
7.294623
46.761803
59.353546
113.577232
14.052629
72.506706
417.309479
359.364807
25.806089
406.411530
50.182716
21.241787
101.242554
4.437569
20.206049
39.418781
32.009319
41.284035
140.788040
124.121964
180.523575
9.665138
121.233711
44.987434
81.549240
4.249826
51.749660
175.538193
1.479774
19.716782
8.528113
56.213539
47.245564
3.884322
79.992821
52.321777
158.966675
2.116710
13.310671
63.043472
82.792206
1.547310
81.618073
7.381442
50.974586
82.729576
176.105301
316.866638
4.272789
23.509439
16.319992
33.673119
2.043349
56.939240
447.452179
84.511215
4.395221
1.928134
86.545143
95.918152
58.474373
1.783769
71.104309
35.719631
25.229689
180.829544
225.360886
5.414149
26.120182
284.740936
188.400360
192.932358
94.430321
30.179823
320.286926
113.076233
2.864999
88.953201
29.084270
3.417281
49.127434
215.259109
11.789262
11.930041
56.222980
53.748131
90.075401
0.728559
479.496490
112.681244
0.000000
14.337626
51.476643
65.252159
0.000000
27.592091
191.140045
83.624664
236.405457
8.422549
53.738525
24.643959
169.718750
188.003769
64.212395
37.427952
105.570686
73.446060
8.446890
385.003632
405.748444
92.017647
3.514265
9.210811
9.917427
33.033398
16.390360
21.847198
0.284626
101.178413
2.861831
11.121099
61.801945
228.348282
14.472787
70.836594
58.648529
16.843384
102.276924
68.913727
6.852197
106.920319
189.106033
276.108398
17.031553
294.966461
0.120009
147.989777
25.781954
1.886931
16.165731
218.020615
243.164642
438.640991
100.618813
1.145463
89.290451
411.473114
29.305595
428.352295
10.426607
102.550209
18.052084
127.770569
9.631959
102.142715
0.101377
1.843155
60.053242
4.739836
318.773346
20.946011
165.364243
339.555420
78.798767
5.435358
86.817413
55.404068
48.960918
846.771301
29.140484
60.372944
6.965128
184.702850
33.655228
27.248919
37.937035
425.753143
85.343414
71.970848
21.309921
115.929138
227.232666
101.636253
2.298333
37.981487
214.102417
203.920059
68.033669
177.167816
16.658323
25.961597
40.464436
66.231461
5.768390
4.242970
19.154921
109.603180
1.786365
16.619947
94.428772
100.801025
42.303936
98.564079
14.780714
114.734955
9.790155
405.483215
93.542763
206.131531
37.346378
37.946327
6.488908
14.989750
3.073265
14.044606
0.750491
100.776031
15.557840
83.033119
69.875603
89.247925
195.864655
161.410095
80.017540
29.200676
30.520107
23.673944
62.826225
265.892365
53.196762
89.346703
58.851727
123.657875
255.766052
375.221344
129.738541
38.553852
12.158970
194.938828
260.071075
140.326355
2.789567
4.877549
63.734222
403.051392
5.403995
81.527115
92.273033
29.085016
36.459915
139.874756
32.185455
16.867020
20693.257812
530.828674
204.337219
53.764843
19.356806
73.246292
0.830124
14.119717
66.673393
124.204384
32.553211
2.366955
185.799133
139.686783
247.530106
9.977987
7.508522
289.265320
369.390717
45.271549
78.559402
94.513626
919.426086
82.348282
16.484516
73.078987
2.551749
165.194412
65.522881
8.476245
121.487289
1.354286
16.080271
2.567094
40.232864
156.933762
195.566177
5.507872
86.265900
63.731323
52.737728
105.411591
29.805372
151.836746
132.048370
171.798859
349.710297
1.541334
2.913233
88.452278
70.877029
140.357147
7.344364
18.812212
275.380493
2.995251
105.965294
55.643703
20.967421
72.930145
238.142441
17.560179
636.365417
17.444326
35.174118
15.070080
15.294979
321.626404
18.042124
17.683561
0.567838
202.617874
15.044622
134.727585
4.522470
1.883570
40.673950
39.630840
57.411068
8.928005
47.185963
109.966309
54.519859
4.672352
114.631691
25.102270
62.527996
67.196419
361.082611
120.289543
129.451843
32.631477
66.494728
285.879547
26.647242
16.713305
0.701790
146.041946
1.831217
101.582436
5.760573
335.163422
52.334709
111.129456
21.448898
146.642227
59.290123
37.857491
471.751251
71.925560
213.129501
45.897842
302.853027
90.329376
156.902740
300.322723
131.301727
3.773949
145.143585
292.013214
81.929169
298.665894
92.734138
105.269714
38.414379
100.887421
3.717061
1.930259
9.799609
138.621384
5.161268
117.307686
81.647385
149.881424
31.096626
4.592438
3.772920
217.263931
69.199142
120.662338
32.660957
97.004402
430.653473
132.047485
4.125304
68.443787
3.733378
0.000000
1.940315
44.604977
22.503225
33.071198
0.227233
208.180557
65.461563
169.444321
6.137999
101.890083
49.483383
31.962811
477.886658
8.767235
127.299240
938.794434
56.427502
2.896199
129.314819
3.497928
99.075569
4.912684
95.335945
98.647766
466.078674
134.573700
5.241502
41.944588
25.535093
49.805214
29.529882
58.988419
52.100361
34.059502
9.653204
1.496147
10.429988
26.670097
57.683262
285.681793
124.727631
226.128540
70.968735
12.464899
24.348824
73.866554
8.229241
2.752934
121.415237
89.275558
431.358398
13.132392
0.000000
60.987877
269.340393
5.733757
30.176374
53.046474
27.153374
1.344366
513.727722
300.184814
488.000153
380.520020
68.749763
12.522873
67.702652
4.260219
348.592987
70.911377
133.499023
58.482685
43.730701
23.459749
8.785327
113.555374
43.235218
71.896149
5.475758
31.084846
2.185754
16.430649
28.758720
36.535641
8.580949
25.830149
83.384186
306.469940
233.791595
110.003777
56.140011
32.311138
13.872401
235.113373
73.790298
5.020951
5.243389
12.766100
4.712832
168.792282
141.124329
1.716499
82.264938
36.917606
26.785429
78.137230
14.427578
6.470541
68.684143
194.125610
32.625191
43.607311
2.611710
175.396744
0.000000
80.328201
100.887177
31.674274
32.184860
2.925283
76.666618
63.570091
51.097843
15.194811
71.582458
33.060341
139.593567
50.276619
36.633087
55.318657
3.772920
187.977631
85.986389
158.401535
27.316254
18.525759
301.515472
48.558270
0.000000
78.241745
118.352989
531.137146
273.949554
66.213387
36.924404
12.952457
93.363060
90.193298
126.468452
4.225949
203.437820
118.078651
43.326622
13.948184
43.173985
210.355255
18.689150
136.885284
90.000130
8.309245
6.358894
104.137360
123.959427
93.989578
0.200343
5.346474
0.444818
3.610299
99.653542
138.056885
77.673798
52.600651
71.639931
84.688034
90.710487
19.709044
92.486137
63.300507
236.753708
120.205589
156.359009
24.523569
311.683228
52.817852
3.712699
7.327607
4.174657
0.000000
3.833873
137.054626
1.961021
0.000000
394.420959
2.913233
191.339691
3.122109
15.140467
