134.496355
44.021660
69.038421
33.947230
333.994520
61.622534
91.991643
55.611925
110.857283
30.025418
549.903436
0.000000
113.352355
380.443314
415.574946
29.005132
3.930980
83.327273
40.936592
184.805564
88.392844
477.279092
138.555220
32.673881
2.125075
6.749217
10.805954
51.995966
5.345511
96.151707
55.380422
20.960640
170.582400
97.793288
74.930282
109.862951
381.932834
95.531986
234.948025
33.788790
3.580926
49.793169
13.257960
277.015093
11.879013
23.830518
12.632828
0.000000
32.847131
0.935333
69.313745
54.262084
5.846945
145.888194
242.318190
36.852095
17.530564
8.496935
52.141044
61.583325
39.845305
130.742418
67.553699
384.921928
62.732339
187.953568
148.809363
87.530066
116.612650
16.517904
201.617599
107.555093
2.371767
179.979753
46.208218
119.740263
98.565076
53.306489
143.543859
55.154621
25.618102
115.313382
75.970526
261.632912
42.121951
164.363696
302.020346
79.180327
80.321569
83.323411
9.238766
109.885668
91.064601
244.852110
56.336575
98.056630
17.901193
31.898928
20.227442
95.892803
11.692192
89.691620
26.907808
113.739261
236.868575
276.949735
510.230856
251.104989
66.131308
25.852560
31.189564
297.771532
11.276095
25.690832
69.558124
49.280296
112.384928
3.173505
34.787402
30.114359
232.477531
220.190443
20.746803
55.670232
220.682521
24.283084
30.767876
157.277413
441.059595
22.681882
90.363770
30.374591
15.181218
15.742278
328.996156
103.885164
29.309634
145.997714
86.564070
13.084823
145.822574
23.332267
125.779747
41.919752
36.200100
47.826547
166.647997
179.911305
63.574084
0.935333
142.158501
31.983368
171.581177
48.241437
6.724361
72.864977
1.269860
59.423835
155.482775
96.024714
82.209689
166.820559
22.076728
205.629896
68.455099
79.626816
17.274479
223.179636
14.225983
107.236153
173.699773
318.281541
45.258247
31.375201
78.914262
60.878675
2.268064
191.487739
28.280680
210.039647
65.521354
24.792173
232.293773
133.430829
175.426624
177.126064
310.158904
115.363605
192.326612
346.493902
164.673893
1.673049
6.690643
23.575546
212.293293
7.501869
80.052252
117.018894
21.664909
232.497082
173.296749
38.609075
44.943394
119.114939
19.621603
189.569997
89.744260
36.153090
59.440865
37.252760
37.863218
79.533578
74.862213
17.945409
17.690178
103.027139
22.751539
645.921736
25.230801
104.311518
130.510956
120.341419
1.631117
71.864453
56.673094
204.770343
26.524443
19.121467
165.231027
21.515149
23.577903
30.618884
1037.606344
117.664330
193.093319
186.457690
128.033080
48.433844
44.259082
28.181590
77.227806
239.184755
3.988859
80.813374
14.337026
191.844100
90.190263
19.133619
30.773587
493.459132
0.002185
38.999326
43.757620
98.192747
3.201814
76.513809
213.065851
39.687742
183.180803
61.406216
97.790152
13.195424
284.819125
528.609692
29.679540
18.337734
11.910499
0.000000
23.937075
7.497231
62.113211
33.473770
51.077021
90.214161
2.935242
31.835773
99.175175
38.007244
286.794358
57.670819
43.194291
112.072663
47.555152
5.699972
28.557702
2.432827
30.362035
168.036399
149.044757
27.795921
174.377329
8.024776
19.113219
157.917905
244.912855
97.031441
81.679382
81.883072
0.709519
125.016522
12.082755
164.274736
11.401702
7.087901
107.378293
317.952966
137.813886
5.875982
477.455045
35.759380
57.024126
32.327306
90.569631
28.948258
8.203571
245.027123
57.824376
14.031971
0.558639
188.797846
542.727844
318.972869
137.516844
94.511074
223.662919
18.004864
123.641058
52.687218
200.245263
5.525177
207.643942
30.996316
93.797584
209.692096
44.531602
19.024270
49.755332
87.977890
58.928802
52.697332
89.375832
0.832563
41.181583
73.125526
18.028936
49.068307
153.945962
34.916856
55.083886
119.533445
266.232692
0.935333
107.903620
398.159844
60.714516
57.862958
9.357823
13.698678
56.602340
119.228756
103.439794
6.906524
35.065243
83.708248
7.249308
21.810985
332.021333
31.949603
77.537549
62.714367
0.199547
27.294373
0.000000
27.934368
57.081221
151.201231
157.004137
137.558025
70.218224
86.420423
49.190990
37.280034
16.245273
50.943927
104.538013
143.488458
400.184003
113.165632
80.293295
243.774170
5.160204
19.751428
151.669882
124.928320
20.027894
199.007111
51.257148
46.917076
69.099156
36.859363
5.654641
2.037022
145.315527
488.405616
132.366017
64.195022
104.671066
246.416393
37.056108
511.061473
5.442344
431.823450
2.626372
127.741616
86.832251
289.543367
33.347811
114.728559
134.753940
8.573016
37.242939
75.954561
123.244604
29.355426
50.148490
36.296500
6.573932
97.431766
106.356938
198.549434
133.638545
47.130361
3.122830
131.729045
30.992902
67.789128
129.035111
8.170359
79.267066
58.347274
44.187603
77.355983
21.477682
243.261467
483.639772
17.294362
38.269783
35.514590
19.912959
99.757606
19.237641
14.831612
120.028261
191.143567
54.876165
3.666348
49.025032
113.085773
4.567619
174.644540
718.316718
314.931406
21.451974
61.911517
52.891244
22.164482
166.297596
33.874610
92.803949
11.685009
46.758284
105.871947
593.931553
120.374536
79.974107
26.595975
119.898345
74.464184
135.661025
19.903642
0.000000
10.698909
12.307656
52.973267
63.137559
374.510931
97.277223
10.568555
16.853656
122.316997
70.090741
216.481049
370.509482
6.389011
327.328404
349.909277
6.861545
180.132212
29.892011
48.919686
212.194871
662.551072
27.262195
22.109342
6.284804
655.954879
111.281863
0.000000
41.774222
180.059685
13.147334
36.860487
7.590632
72.235110
24.630816
294.789680
110.963876
57.947826
56.831026
16.735963
65.632864
0.000000
12.610186
42.621103
88.730493
22.922865
232.546197
64.295531
70.632721
51.507188
24.469996
138.621190
81.773725
96.472337
47.154485
18.057642
120.338303
73.272019
14.701641
86.739480
16.468641
294.582111
97.337763
16.456721
288.087849
22.768312
26.049249
37.513125
332.753577
41.023072
39.933649
295.732869
297.165279
111.196339
54.880603
320.662069
141.864511
27.832292
62.186720
320.996754
10.711765
0.175254
15.578094
98.716799
7.139047
3.146381
6.167901
29.450174
55.844299
84.181975
118.870665
43.196568
79.527908
137.182014
220.539066
13.621036
506.572943
123.975542
73.464513
21.969700
11.454117
160.396868
137.891087
17.488953
25.347517
395.273955
1.627710
108.929942
94.057516
138.686143
12.240388
104.601201
166.416174
78.771650
80.503833
179.791081
42.581870
37.476608
330.895454
3.927194
58.218953
229.619531
57.206066
77.887694
91.608105
158.568064
382.518144
250.692553
8.969156
57.314850
39.044043
41.539915
73.270135
26.244273
123.337559
459.426479
9.994060
68.378459
25.138394
11.391950
67.242147
67.961177
41.215890
50.565136
43.319259
574.754271
32.730701
110.541835
117.942083
43.246759
125.813624
243.292915
104.391865
273.987284
136.523571
70.816437
257.745609
37.626505
5.757129
17.379954
278.883481
326.572755
96.040957
55.313958
7.935126
21.437199
261.730932
365.913438
113.256112
99.883180
20.109823
304.214321
0.000000
82.332923
20.383343
107.744400
36.497320
28.751693
45.068599
37.866049
555.472632
7.405279
52.914749
43.682550
69.814159
19.577432
16.323701
73.393576
72.780896
76.115864
26.432333
21.670774
83.588734
49.986806
18.452721
96.665607
49.692278
49.564980
192.378413
1.933201
175.007946
15.741542
40.194736
38.243132
18.007914
40.401934
66.579443
47.901257
5.199569
36.168020
13.238884
61.794792
130.490810
38.604659
215.929916
193.029951
298.004344
179.126820
148.975120
110.282527
61.567624
15.353224
91.784848
270.498598
145.127380
11.643610
5.297305
73.313408
84.756211
87.673875
286.043320
60.825922
116.223735
49.446452
13.524252
195.165052
0.000000
48.966987
40.249404
73.886994
60.648809
166.027725
45.424015
87.161706
56.415842
155.795571
200.527590
82.306406
74.012501
13.923181
0.000000
56.900875
104.346556
149.113602
88.503406
253.130816
225.981424
243.752669
16.421733
7.425082
124.395409
14.464869
60.594488
4.607922
62.571337
24.904618
21.027961
210.550066
0.149490
84.614283
64.715305
106.330360
260.507358
357.178387
77.718425
12.085784
4.978595
10.022386
695.302733
26.054197
299.360045
157.780651
24.860868
135.044964
1.521543
15.573728
13.800752
496.158079
0.000000
23.198326
75.062521
9.442704
206.261137
0.000000
67.474116
19.415037
83.581066
20.945918
337.326690
306.514899
38.966206
36.908322
45.126966
35.283964
81.717050
49.754603
126.712395
152.067785
79.555678
0.000000
40.983208
319.713125
76.033657
268.908504
22.953951
94.801736
60.597619
7.458234
168.368387
97.014166
65.967385
155.758511
88.656632
75.695610
20.952993
203.503175
444.538505
22.717017
73.364206
131.382525
251.933522
197.864375
16.326516
21.351945
176.430246
508.442875
103.039862
0.000000
29.962761
128.019610
555.545808
7.933223
12.607901
138.579396
50.668888
45.490701
308.104791
64.315781
20.918413
125.482450
3.603868
101.463222
46.453772
97.349763
180.445956
19.389801
39.970240
7.648238
158.900289
224.270270
0.000000
20.434102
0.000000
62.840629
49.870010
30.767876
280.575569
52.646352
0.000000
11.680002
181.076800
5.204754
9.866808
52.171869
162.814389
48.790115
156.111523
63.611126
161.608215
118.859201
3.160120
55.072469
26.204976
178.038790
166.971821
194.874963
156.086119
3.868213
9.682308
159.580231
475.542768
17.575576
79.377024
12.855054
134.055257
215.647730
6.194181
164.226528
59.031259
12.784268
99.929551
27.456838
61.101329
16.919586
140.302943
170.609069
25.058189
84.162609
34.261087
38.013977
269.554191
54.664316
168.214541
34.165279
14.790471
816.837803
58.182704
132.675166
233.298466
47.496207
20.061129
4.632265
6.495966
143.587084
160.537085
56.265080
1.383862
68.267116
35.053086
46.938735
69.107466
58.734720
62.344526
0.800742
259.583178
153.063622
123.384863
117.954425
533.893115
13.775807
77.162814
140.668003
5.504611
149.224390
193.182304
220.629873
324.734466
0.000000
181.815116
6.929390
506.125271
46.363313
9.109596
153.398189
54.374397
40.772488
96.019853
9.603650
56.670659
186.803193
25.807478
183.798372
84.638384
42.601566
35.967470
2.990186
165.746858
25.632981
9.838775
255.712816
112.566236
106.397192
46.927682
180.031209
0.000000
54.675532
52.785908
61.013504
219.471315
40.789227
2.502022
715.098771
169.385979
43.330411
11.920138
50.720293
239.935760
67.976247
6.772820
206.920238
69.574584
151.313911
303.844722
147.694767
108.813582
45.867871
270.331600
44.474817
49.216490
538.529049
59.188931
71.372855
306.844799
10.077079
69.720495
198.036378
31.642458
8.225120
73.493814
5.018489
199.957399
82.654756
92.993151
15.451973
302.790640
12.911501
78.432225
12.431955
88.678024
11.147385
176.054282
51.953117
4.740854
16.102400
39.830621
3.797042
30.152231
32.637074
77.430177
9.140582
71.651229
172.264808
74.537183
52.796181
119.459910
194.763394
60.911534
10.319109
39.758959
206.789961
83.275380
46.275277
18.717539
28.143625
23.256372
61.013521
61.926779
44.758478
115.018906
53.163384
21.781086
23.356050
203.114741
26.836339
25.098699
15.563216
120.312807
0.730460
400.855773
118.548371
243.213550
80.714401
53.955634
38.996276
131.974667
26.876912
142.872349
34.087821
12.330971
25.160849
11.055134
127.018995
65.477955
228.465237
35.180192
50.894297
8.941519
79.406699
133.641218
0.000000
81.887389
77.730800
220.476277
29.408965
0.000000
6.425705
9.628972
15.624111
6.307319
85.305000
82.855932
13.591144
48.812698
17.777799
22.795410
339.491531
83.670860
19.967035
178.591307
64.457053
67.187276
277.394853
108.545059
23.347468
56.690966
84.991456
554.998220
48.391872
229.212298
95.488282
37.168261
16.121390
52.294217
52.471584
118.680690
65.365994
51.265839
36.911403
45.433120
1.491100
57.633096
48.577855
38.984759
7.405279
7.199987
60.543388
268.926278
81.105949
315.192541
91.968554
38.618208
124.636958
420.133606
41.034409
3.354950
55.089494
1.461984
131.601898
1.296164
42.178977
11.225023
373.739770
65.992206
101.846833
14.459076
111.954721
34.893909
47.161714
61.341188
53.795252
39.061917
171.079885
60.225527
11.720857
110.572892
243.075932
20.345458
147.495823
129.283261
29.584895
74.107559
169.590527
524.922849
62.718320
376.192106
23.546639
62.270657
17.312992
121.448693
8.663508
35.980022
35.208407
314.955033
141.261166
7.455430
72.360309
399.932931
61.733516
264.541348
4.476639
51.304933
249.627013
53.884883
17.640769
83.046344
16.539438
431.354043
69.879778
78.187346
195.275371
75.997012
7.376469
283.328567
115.769690
341.667126
100.741097
149.745064
219.279986
22.970999
361.649218
52.343914
59.263696
123.063771
24.134928
451.932640
14.232157
0.692651
135.935516
57.765592
58.029955
19.756777
68.505265
150.953639
0.000000
52.192478
57.901665
308.494387
99.869386
29.472186
33.846851
32.527916
62.709045
109.741817
20.160252
23.809094
116.050514
28.538845
9.556427
291.714413
220.068186
221.685560
177.458878
39.698878
20.834063
90.478404
40.235219
356.171643
23.815986
101.668038
414.981446
6.887732
16.666720
45.359723
41.296306
32.079517
24.012145
103.843616
448.516222
29.729183
310.159486
138.491964
49.894136
19.196183
147.616022
19.280550
48.317255
30.387124
177.266563
38.714194
41.062958
0.000000
274.736914
283.194317
64.961492
231.611452
33.464326
130.379354
37.993578
87.165733
256.709187
103.206938
270.167530
88.764090
87.518388
0.000000
105.836582
17.524166
68.544419
148.366598
236.050510
53.904902
205.938348
12.622087
11.146753
12.884943
0.000000
472.483219
197.058113
95.958071
77.282544
74.786752
261.696992
333.872370
49.683014
96.043677
85.127258
55.330767
19.726924
188.753507
21.177187
17.348977
10.083563
13.891985
77.994035
6.184095
95.817686
323.328983
60.738825
16.460698
121.321060
19.300691
21.554299
8.166595
11.280253
576.942270
4.237091
96.999991
107.971590
44.911332
74.899848
57.691389
52.688988
17.338561
280.171667
86.269663
571.041092
294.686071
8.137190
30.148136
99.965585
560.719616
105.946255
81.783876
156.855792
119.863833
31.183159
8.963416
89.602555
103.017236
389.090186
265.597037
491.753902
13.105724
169.218394
132.361914
78.341512
23.169043
179.680489
12.583581
25.190216
45.436284
73.354370
184.443334
67.168993
166.818894
52.358670
27.479162
15.477559
45.168551
309.084725
35.438627
231.505971
104.423937
15.754306
18.035400
0.000000
4.171339
42.538772
291.830597
7.924464
82.854975
31.187368
120.087718
21.341552
116.311483
102.178206
78.286147
129.875461
57.236687
35.289449
111.004618
757.019642
46.038329
136.684909
158.851184
12.182709
777.904072
332.294198
270.509678
7.131243
42.455337
18.868975
61.532539
64.310392
33.304318
221.522873
17.619696
32.204611
196.416185
60.033380
14.498709
25.130974
19.787751
129.867008
192.919955
82.465056
12.767378
15.302194
30.320092
77.525330
188.120008
15.124395
51.455344
196.009978
64.602060
322.965689
3.215082
12.745207
93.035170
237.829749
37.114735
150.836861
20.893785
34.326265
2.283734
121.512625
182.411071
12.137808
18.467931
106.794769
10.559275
200.523787
37.851891
99.020315
0.000000
61.550525
41.583866
38.194062
270.819802
130.430275
0.000000
224.473014
218.702841
5.437187
19.595886
229.773310
167.504178
138.637435
45.680850
17.445535
276.337831
133.379247
179.451121
96.105700
234.575946
15.789565
82.693284
237.084188
12.161494
67.963634
213.076254
43.029014
380.822014
16.177468
27.976963
85.362494
76.442651
7.410673
17.882752
38.439682
222.774889
3.747142
35.526585
33.979563
252.215400
49.706555
326.126724
24.484663
295.565799
150.797577
23.265429
198.132706
179.955190
6.443472
29.165751
128.592139
135.443675
162.312247
53.213751
316.802011
9.865082
33.465871
124.465418
240.475932
131.698785
33.947230
32.529215
238.602095
78.035845
99.117537
91.532597
75.125843
16.453228
23.792296
3.149217
5.946147
52.626389
108.876717
94.986240
11.778722
5.512461
12.004735
39.480851
216.130851
70.167504
121.182919
5.306084
12.621225
10.574044
41.258885
78.469560
15.326792
0.634189
218.327997
105.464420
197.452452
414.364149
1.829421
6.233810
42.176236
22.890357
28.125434
582.100206
114.525765
34.727302
28.034093
23.741628
341.526888
132.930828
109.411703
24.957782
25.193556
174.358671
27.858438
411.477693
3.328350
366.578094
38.066734
107.378759
291.578573
33.839230
132.824209
158.084716
416.453596
8.262480
132.160874
210.742734
14.475177
217.088744
126.854737
151.842995
199.539889
78.448449
110.572691
133.637954
102.561889
73.873522
58.719145
866.134894
78.797669
163.390567
143.464549
29.363383
91.029204
509.750293
24.677375
34.771363
15.581325
122.998023
0.000000
26.221820
32.636645
95.413281
8.436705
7.171509
37.706102
492.760680
36.511258
147.138418
165.260978
30.935979
288.133388
31.410675
42.379212
41.046286
445.439608
22.113465
107.762400
90.246107
172.814363
20.867480
100.532899
133.575213
172.336340
36.612206
116.742291
338.046581
40.982757
335.720082
77.783338
126.758492
143.719456
114.539986
149.205550
274.212671
169.338534
59.840016
317.335606
55.126435
187.001155
153.560642
99.689820
64.225848
47.102794
15.634856
43.710025
60.085301
15.478748
340.428678
43.873705
401.032889
207.878371
26.453203
176.904840
74.893668
151.375794
3.356673
159.183889
28.456968
132.699576
143.953616
7.868849
6.096756
124.776562
120.036450
61.201654
28.683429
75.122743
32.147989
119.028310
22.826597
269.795667
189.536178
16.664927
119.423205
7.644679
7.957427
59.403973
19.637263
132.783081
165.476733
5.679727
137.973418
220.578729
21.133138
13.433501
462.948971
0.000000
19.418220
117.739852
340.271978
38.404111
212.461234
335.107628
31.479393
75.826217
28.340009
73.378100
15.297664
78.424135
28.466774
30.287125
15.406664
19.710713
92.349981
618.615846
63.742451
22.890141
200.800175
603.351090
142.710441
55.323030
12.816445
194.347253
336.932937
78.913381
277.784311
27.023636
23.829118
373.500914
97.014166
40.429920
23.950231
32.245499
113.712537
37.395474
31.139192
240.142187
28.827860
70.087110
84.571901
76.064385
142.479007
367.608876
6.811856
84.402123
57.818714
34.972809
78.663751
0.000000
83.554360
20.338335
91.685649
226.974848
0.000000
236.300905
49.811116
345.074282
19.692556
3.577079
60.469830
98.576178
47.413669
70.075175
140.608340
239.487984
49.513823
31.531747
47.896015
8.382700
3.396823
0.000000
52.519419
143.020320
156.847860
20.015821
133.705098
21.318314
174.427217
26.256490
421.441760
30.562606
13.777272
21.811095
16.868120
131.824890
32.654956
135.414201
43.832984
102.268810
46.985124
107.845805
48.954816
123.148218
5.102683
204.355084
173.208568
92.030361
26.239689
20.493475
93.062365
183.394564
574.224567
62.894261
34.835097
158.336405
44.754503
4.618128
111.351727
149.955329
139.577347
128.917202
119.147167
81.758007
137.211721
289.963183
26.496611
17.376035
59.325245
5.160860
278.576569
27.388013
225.379787
88.309601
56.194280
19.300832
4.171209
5.382868
3.902874
38.786433
181.867448
10.335835
62.886205
16.125450
38.279136
160.173254
10.582034
351.845363
35.789423
53.733332
58.355394
27.522842
27.126994
58.146010
35.803543
66.724356
53.477671
2.936641
120.515724
384.026855
1.498025
119.812456
136.019016
289.343496
82.239058
99.524591
128.632422
136.265512
95.354098
28.064590
120.766428
36.342685
149.210564
281.767167
8.154659
89.511697
10.531728
0.000000
36.024524
10.286176
48.891632
18.369289
12.102035
166.778207
76.056027
492.061410
11.292037
79.353028
16.633136
36.871931
433.545778
15.541396
113.697553
89.117813
50.203686
82.823065
106.263107
25.895144
6.406223
88.919026
65.485799
34.261002
13.567103
15.514760
39.877451
115.374764
81.930690
29.925204
1.410277
65.283700
82.181048
23.849040
25.393435
31.409657
12.102671
7.569136
83.880524
212.198465
3.868923
18.205207
33.727059
12.472931
47.908248
14.721201
150.802051
52.972614
74.052949
136.414401
57.365512
36.128877
48.402614
314.978995
49.169464
12.277470
8.986550
22.404460
93.165087
35.594326
8.620634
133.564804
43.133029
11.825290
108.227841
122.796756
40.403366
58.564770
125.126545
17.786681
7.150818
55.078580
107.142759
168.662889
21.447075
92.110708
113.425805
121.611755
171.391413
259.277704
33.728170
123.103877
211.132450
0.000000
86.297935
170.109776
117.255340
50.658304
5.204432
40.329285
147.290037
4.843837
1.564204
55.865360
102.996323
454.900529
40.815629
64.124151
216.265030
7.468061
29.632636
15.533809
93.996823
225.409693
150.619343
129.467446
468.688394
254.283130
46.386044
17.113906
99.975407
327.823414
28.297603
116.458980
51.394079
550.803449
136.809402
147.009243
106.808965
140.440226
82.938266
77.011728
348.478730
77.899045
112.446058
8.442514
5.594303
174.076904
57.116433
113.430301
362.997284
73.117414
21.573365
18.092887
35.150351
483.507120
32.562802
162.958575
131.755970
241.481788
275.305252
13.800752
60.304053
41.104310
15.312742
123.230308
106.595997
78.517490
4.221781
387.891320
188.687000
9.421652
82.874220
79.188871
207.519645
133.418193
394.357439
0.000000
78.637932
119.913857
104.090220
12.422348
80.168168
12.142454
40.418940
405.591889
57.128037
94.933235
206.200238
235.967195
85.080869
76.253774
29.944057
132.615024
59.889325
175.091981
79.174555
0.000000
91.208202
119.738080
199.231817
92.600277
22.240742
20.019992
167.369325
62.137204
42.219846
161.661056
196.288655
146.738512
12.194849
168.919788
90.873595
65.409808
29.308785
110.732277
15.297664
69.114878
12.468898
112.790379
403.550448
46.912096
73.090089
430.669102
24.964055
41.009408
75.431848
32.695183
29.453903
32.144830
18.142766
348.497934
156.401911
68.248267
264.983359
96.086866
73.912892
2.598584
129.574389
129.849270
220.101862
17.803070
172.757341
89.276474
109.190857
746.665528
47.660711
153.088434
39.927659
243.964486
2.509354
637.403774
39.405881
16.034581
0.000000
11.164902
5.174330
292.666458
11.785143
200.607953
322.497250
6.402341
120.705287
173.353907
29.056221
593.315724
55.966422
445.633477
336.405411
354.498459
71.753726
18.303346
2.975351
12.178031
83.055686
134.332848
117.145997
225.762904
7.628323
115.128892
74.611932
129.449281
131.595324
11.099293
35.115992
12.316242
99.932293
68.172210
53.686362
186.099800
53.627272
36.355347
50.346736
40.856935
352.911163
217.054331
338.461473
24.578034
11.230273
62.383971
5.959081
80.950946
0.139193
31.401703
133.315888
29.471982
26.770012
258.477939
44.397598
50.471632
125.295143
22.512921
637.031438
202.940751
137.798039
7.618536
126.723945
119.949042
24.470766
335.048166
61.398209
132.140955
365.813451
24.894457
18.195438
172.312652
42.196509
35.211385
132.442833
22.218958
10.332979
6.375639
131.270885
54.015391
20.757917
875.070045
154.776599
109.910424
79.106557
41.128826
70.635616
102.699843
60.316041
202.047809
17.697470
42.729688
27.111884
424.350584
557.013086
5.295825
63.111775
20.216699
113.746650
48.270720
20.782637
503.322676
11.374212
23.414849
39.952226
44.124026
14.914928
12.395322
5.582819
30.188404
17.535838
30.707235
62.317234
36.537430
122.710313
6.768477
18.022717
38.940905
25.413730
24.424113
73.286005
68.764095
27.002837
1.038674
10.537015
30.054338
247.632737
28.657420
213.670785
83.157825
105.374646
191.113780
110.359494
752.075110
344.256788
93.618298
122.493043
78.973515
257.286638
43.820517
133.835329
11.994692
420.261734
146.626333
61.432440
222.968996
23.087632
51.605371
40.322908
175.070160
91.396717
20.965347
22.364876
0.000000
9.881642
67.749515
3.668314
35.994120
31.618519
81.574728
39.192292
13.901105
110.160848
30.505124
11.150006
15.524344
116.008722
103.184588
94.215788
3.945737
54.255961
105.480848
0.000000
38.977826
33.037670
6.474112
80.302171
170.157985
74.594237
497.983414
71.301762
29.831182
5.006641
606.637714
36.199572
24.556789
132.658973
164.510530
48.672702
0.000000
15.081827
56.550821
513.095740
568.058406
0.000000
0.000000
275.984362
260.528268
7.540821
478.762074
551.259467
80.063690
5.688414
23.417747
38.810330
635.303992
104.886021
32.626230
153.903654
263.168795
129.372632
97.075472
79.400109
131.437487
118.150310
328.529168
146.457319
89.965386
264.319723
35.891136
51.159396
71.658919
61.447735
163.416356
20.399346
193.936932
89.717918
120.240912
2.318345
281.704592
5.932054
357.295991
226.168167
4.384709
4.513903
107.063380
71.511669
48.420312
358.148166
240.317647
256.126003
64.491325
49.635883
30.727920
9.345839
62.354770
72.645702
288.726365
29.135755
97.970218
48.111133
520.864306
51.514984
9.513798
67.954164
154.573694
19.509457
0.000000
0.885518
31.523775
10.936257
139.350800
2.532987
25.290921
38.534183
1.383862
8.632806
57.637242
9.153938
78.686440
51.272415
36.716893
47.747571
11.887931
70.950671
44.322110
51.047848
254.464048
143.124955
56.995346
18.005790
68.957891
117.018328
44.866153
21.325373
1.461351
279.814579
33.823252
252.292254
41.700594
15.101860
8.478116
123.082163
66.900234
12.510032
117.611659
162.904362
28.594821
33.056380
19.621643
26.355599
2.700103
117.870996
40.736318
0.660255
200.694651
119.526355
76.510276
6.247762
39.926540
122.432604
5.959081
18.002263
192.321412
196.015092
121.195057
178.299485
0.000000
275.245264
163.578634
6.604571
230.945497
46.027945
196.830694
20.978719
119.769802
52.869349
14.031971
48.184240
381.929450
96.488625
121.082614
18.825211
8.682029
8.254505
14.422837
66.378900
21.690377
283.457088
14.876157
4.643643
28.542004
85.551582
131.223453
36.258749
21.461452
19.062927
50.176628
95.022651
125.473067
21.427350
171.593136
59.583898
50.805035
204.266833
217.699029
67.467869
29.572493
71.375469
45.573926
27.958646
67.989373
96.059150
56.674020
137.773154
89.432973
43.895458
184.765134
6.798894
38.173589
237.511016
604.316288
127.763341
15.444375
41.363302
11.102192
3.881527
92.109272
18.938701
9.629792
64.529406
43.457084
137.639386
52.936741
4.358313
154.414093
553.655197
274.588781
23.887638
229.507930
27.345533
45.080794
25.869100
230.039587
96.814206
19.506718
22.817870
44.897265
111.564928
13.802924
160.064524
50.219218
27.555451
93.697080
19.631507
20.736756
1.564518
12.321604
92.861839
9.423588
249.011676
70.218224
316.897829
205.848577
44.778941
160.099911
310.976531
450.192125
59.120370
203.816992
343.388340
114.175274
6.302736
67.531679
56.574975
81.631246
64.502615
119.210456
172.512945
6.600556
14.221870
265.293319
78.772115
140.248212
54.300365
10.083563
75.234396
89.513305
229.035962
52.042170
151.152579
691.629076
65.025956
22.253889
3.785316
20.487578
7.056323
413.742233
260.328279
75.366993
108.290868
0.236091
202.615247
189.850563
46.546922
4.447573
120.127049
309.866256
42.262274
213.951971
158.284778
39.897376
166.748829
149.354947
277.326151
44.858117
66.700793
13.729497
332.320530
46.355021
302.406499
7.987276
83.378546
175.407426
13.131831
221.957840
110.884014
57.719466
126.170260
18.432417
210.344162
8.832052
46.181482
69.203263
382.099793
157.689473
68.132696
185.328290
130.118376
20.624548
42.072290
13.823394
166.076277
463.656672
65.914483
69.791018
227.738161
237.344616
7.985813
42.143413
82.477312
339.246988
73.086044
22.610075
0.465255
128.311662
10.771161
245.971035
107.131767
607.535955
24.431606
31.029042
112.427180
10.704300
68.048681
38.371796
14.880724
96.117988
14.332331
81.442268
43.559062
120.026140
68.020350
16.908718
120.091519
69.411977
129.499955
40.937577
194.958951
271.163763
0.000000
92.895640
59.044491
191.590923
99.493533
0.000000
5.742257
23.683069
109.931467
3.833032
180.553765
182.953096
7.859966
239.576365
185.119478
33.085939
176.620703
261.970119
44.501016
96.328602
58.143946
51.920744
32.171491
219.116642
34.275932
251.695738
265.628395
8.024776
170.905512
134.597150
13.914362
103.677587
250.645137
73.982905
3.988859
279.985861
38.991464
11.047680
256.124390
13.321856
115.340201
1.040116
305.104184
129.404064
490.033556
4.225033
0.021075
0.885518
181.294129
175.344306
276.862696
114.693610
80.151804
68.579732
115.770968
176.108865
3.482981
103.210134
4.567619
57.197397
8.535618
52.929601
20.459871
282.948616
32.841348
137.701181
428.607185
27.444035
46.538250
32.970866
534.708281
18.061709
17.232707
148.507928
57.862958
42.842563
188.029722
16.863384
102.454545
58.459025
43.090746
107.522619
22.351874
70.801511
244.764107
55.240851
68.674812
16.537760
28.818230
49.412655
113.697553
26.440364
38.404467
27.781458
54.579646
16.669136
10.733453
13.369639
9.283903
80.896655
64.345917
332.128337
103.192896
108.876717
73.245300
0.000000
20.432367
7.764573
89.896697
24.234576
50.199136
14.637740
9.492562
26.755026
149.675704
274.308390
30.582674
31.808875
18.388568
339.754608
14.687197
9.869926
42.596810
122.500461
96.206420
44.180455
23.920152
45.865057
172.915460
33.911204
56.745907
36.395801
26.149799
25.478003
35.439637
62.315044
147.364297
5.754196
74.439558
79.209958
86.599312
61.205545
20.161671
158.674608
35.543281
58.849737
38.304094
5.459243
168.098440
69.543941
155.506200
42.463080
170.087881
16.639332
0.748389
11.716620
62.420062
16.582026
42.412649
23.493204
54.591202
394.858469
8.284401
18.154858
13.167497
0.000000
31.317862
105.860315
23.714803
55.554255
17.163207
166.615717
0.720538
29.198862
48.573196
29.739440
172.322848
15.678266
12.651225
41.332883
73.331729
248.155204
315.375240
8.353874
10.488601
35.109904
2.000145
4.678613
18.040707
24.170811
44.859140
201.526593
48.657446
361.984030
62.647422
49.886815
19.751758
200.495755
202.644473
412.100878
14.158544
93.431805
73.540129
159.197107
47.604932
52.717118
28.152454
84.329929
85.778545
58.983046
77.161957
22.251171
0.000000
28.649885
67.595330
27.255674
19.346752
16.642021
672.514332
374.150744
11.239930
13.010420
36.807355
5.668056
24.528685
40.348654
12.879097
57.500699
444.176924
103.409162
0.864378
35.817398
58.249456
273.946229
54.567167
58.863486
72.992710
159.710591
63.827614
190.796254
3.748110
33.089149
67.858656
292.465679
179.858845
35.032811
174.618317
68.124405
72.761818
34.444175
81.496389
0.212559
29.117092
12.418567
48.317364
227.719940
90.974035
359.730048
176.681586
233.960754
62.268813
173.262690
20.768847
276.971283
30.866855
344.319039
19.485507
109.943873
242.246748
34.260589
104.410517
28.228316
21.774130
12.316244
0.000000
21.692030
5.481623
143.853469
103.156731
71.151622
152.571839
72.662332
4.322745
88.143921
68.419966
45.687889
163.401842
10.876614
21.140247
16.759282
391.625129
16.735963
178.530377
20.553389
100.291358
152.816904
22.485826
10.820683
107.837076
15.792189
58.881581
405.470285
193.921520
55.496695
147.444714
196.212443
57.363712
93.624537
239.735184
34.467122
25.190863
16.559545
214.822017
35.115505
97.213989
357.030419
17.804351
10.791054
63.561953
178.886356
15.165410
155.563052
86.123289
37.955223
100.306252
62.457189
367.559193
6.698244
6.659531
89.168162
223.652862
44.411216
43.613791
29.845583
90.822540
0.030126
113.252762
242.691893
51.332643
33.041405
10.752962
277.914951
24.792481
116.504706
18.779402
102.140718
118.118645
19.733395
36.671199
51.832349
28.061061
11.283441
124.959599
89.946410
218.475701
137.170062
29.523652
400.727390
44.096050
11.244325
76.919889
37.381490
40.268962
376.183475
137.181243
20.418813
49.625288
61.944856
7.253445
5.987484
316.194164
197.739983
5.325725
418.799291
81.318283
200.991608
83.605260
2.678706
61.902412
258.663946
51.267500
2.339662
212.271114
112.587716
30.258942
1.027803
55.937433
53.025415
115.420910
169.878844
294.325602
66.788984
426.358009
93.092487
489.985795
288.315203
46.268348
337.917287
0.000000
101.987679
19.474053
12.421442
129.526290
139.852333
168.956240
69.983258
111.954492
102.761186
1.461984
23.744877
12.679932
152.577326
34.777832
12.061416
138.759071
8.162760
512.611317
46.698195
52.040546
50.145030
97.683824
72.097120
130.585514
289.586031
20.730219
10.463985
178.799300
31.656001
2.601478
161.756863
206.698288
162.788651
111.579220
9.873871
175.354532
15.431872
207.952533
44.942987
177.558713
116.767040
121.210549
40.410642
0.000000
8.335928
66.054834
228.669045
672.581921
11.604983
601.316959
171.965982
27.234622
703.816385
87.280601
71.590536
263.574063
224.291775
78.328112
32.613556
0.866348
24.244271
53.346709
63.601033
21.109936
11.138439
194.734503
21.341180
149.755569
11.772386
154.134274
15.333425
84.812307
168.476910
29.672377
49.221686
50.346697
79.458244
299.912660
127.169840
164.324379
22.182623
5.367019
76.493853
125.382006
188.859027
193.362231
65.563534
36.137432
0.000000
37.569499
32.889745
100.093100
204.083583
155.236869
118.158554
37.373301
43.477057
213.714724
269.059848
45.032123
148.772616
58.968326
68.479938
11.552145
60.904069
138.294513
300.757785
105.561507
87.147397
543.664554
0.000000
445.283544
95.155217
208.755103
196.875016
120.482650
93.761343
87.388386
28.245394
22.722615
61.911190
58.359098
12.298815
53.528529
109.657649
79.475579
39.938259
73.760759
9.246621
35.903898
6.708538
215.634664
37.160002
227.566608
373.278964
101.452669
115.961174
100.107205
746.165195
28.410205
110.637988
58.205442
30.045074
148.602982
211.701263
0.000000
307.971561
57.465378
114.913860
13.064331
115.720825
49.199298
3.522379
20.593566
39.734348
52.552748
79.630558
44.905180
0.000000
1.814757
22.328729
75.947954
28.859427
17.037777
15.302907
30.463598
24.454385
108.049682
121.261512
31.709489
6.686403
144.999146
147.980786
60.718142
48.035922
154.786212
225.346758
263.604745
47.668497
35.294255
28.253858
37.384336
9.393673
134.051735
0.935333
43.878856
105.843241
301.949754
112.264364
120.101992
150.730431
163.339006
27.697026
43.525269
0.902768
23.722643
226.319173
133.462706
52.241576
15.556784
5.669554
11.008915
37.572112
94.317345
265.614384
69.660790
48.296517
0.130786
59.490187
16.904899
11.417110
93.448733
102.764011
88.419413
140.886065
30.889603
196.926326
202.156393
27.658458
41.098775
57.939398
18.677494
33.842259
61.719661
16.848481
4.806488
44.052359
60.849593
15.589434
29.679540
11.895379
41.630952
30.809430
0.000000
118.194994
223.724829
267.100791
41.770120
64.010665
19.266929
29.622549
0.992152
82.639264
55.166545
46.123508
29.271050
107.741338
35.796770
60.925099
92.044608
2.670829
158.455517
118.954480
74.180697
19.001761
12.695871
77.965348
6.462387
470.066321
22.774101
123.199625
156.515676
59.097009
68.911640
31.196090
16.292694
8.237750
89.418700
409.119347
206.378847
20.462449
213.331981
196.289351
165.464212
33.536029
169.682515
93.334408
83.167186
79.103440
10.734442
62.170912
37.198654
99.001883
9.205061
15.464351
145.424023
295.784885
68.570753
297.046796
151.650983
58.431350
133.509916
581.352102
38.488574
15.662397
110.364202
62.916198
129.303398
25.992599
15.451973
15.498758
129.535222
183.049787
516.785032
376.433720
22.573483
181.004648
53.392735
91.383838
40.188875
909.291798
15.952538
471.493735
181.323088
76.851806
38.407611
32.578554
192.285832
25.117486
386.473591
18.824878
10.466256
54.370185
85.137053
44.463785
25.237755
58.075769
70.312222
17.163277
38.775822
43.920779
63.880895
295.260228
12.194785
167.262558
2.970169
254.658894
173.242712
31.810633
27.996142
50.351467
55.913735
112.415632
12.878688
85.180934
15.307184
16.729032
50.834633
75.925498
50.948889
10.136691
29.760605
55.230533
213.346915
201.714121
7.544682
32.048585
10.498841
345.061310
208.974665
7.588627
55.939284
283.517676
67.273324
201.074922
16.667770
203.871683
26.444054
66.812199
120.135693
113.353143
109.945947
10.506795
85.727033
0.000000
59.538273
137.562748
553.062606
5.617444
33.332535
307.034053
223.938502
89.413236
61.405823
53.337272
151.055084
563.929729
855.642830
13.267883
267.793994
109.677826
29.679540
341.592207
355.701958
32.932829
358.264100
13.749035
50.801093
5.218541
79.407744
186.736762
13.046312
54.408255
79.920977
113.162010
154.839218
159.638900
0.000000
50.481854
28.930531
170.246994
29.119588
39.453325
202.047809
14.665565
18.704607
25.286210
78.056952
96.831133
30.249522
49.694070
19.501653
10.284451
15.119894
5.588266
7.539619
99.580467
39.532290
14.213040
190.560340
14.169786
37.573245
5.281487
11.047680
18.404259
11.296375
0.902768
406.204761
119.679259
121.003698
186.176570
191.183126
38.281187
211.320855
86.027793
312.719021
10.319109
8.808355
49.441093
143.060904
88.816174
98.760206
80.415238
22.835737
18.226246
279.931526
32.893672
129.736059
130.985565
10.319109
19.745384
150.636143
4.921299
114.117393
4.854307
222.463944
153.671540
29.363708
276.062948
16.260284
100.853503
23.166997
44.690653
44.312622
224.427229
11.615701
4.827449
116.672392
1.806348
77.711062
214.490409
372.017979
68.478322
0.000000
67.387807
24.692716
21.656643
17.755084
52.685569
221.105928
159.842094
229.772396
229.557973
0.000000
122.904615
65.538491
183.396363
211.314617
377.290367
20.055628
3.367795
259.742991
6.599287
138.664397
108.230568
173.103227
11.662280
43.263194
44.026124
124.789680
14.597125
48.411234
150.412551
4.854307
3.485720
171.703282
10.674220
226.827150
8.468667
127.604001
10.788052
78.499015
13.017609
46.009247
25.590568
28.692411
21.587233
103.677549
29.974208
205.981852
38.499098
36.159625
37.120473
0.273765
85.250939
101.469350
10.457761
23.737188
679.200513
333.362890
138.893141
23.019690
23.754377
27.526915
49.280315
4.532424
28.672658
82.474686
19.174497
70.628493
230.288529
8.704974
2.509817
72.831701
61.651641
56.298944
449.358895
29.489692
170.957535
58.377354
50.219445
78.585043
96.883666
62.078978
74.432641
81.887659
117.012494
442.370732
112.646420
42.091854
9.418362
16.828078
12.700825
109.352821
8.892194
61.311413
330.436322
334.823499
330.301878
5.146713
60.973523
170.342188
12.550210
115.133540
188.811691
87.372173
131.205427
173.925461
649.821206
75.843637
251.958154
212.570295
123.303319
87.384317
18.300404
15.776377
96.949495
83.423292
179.514008
171.341139
27.559183
63.811964
48.418785
4.149238
85.757848
5.599165
194.057899
0.000000
338.786466
167.205653
24.254611
45.087286
53.257059
112.518482
51.078836
113.432760
246.869917
167.060070
133.072639
45.695596
184.674144
60.827638
208.061450
49.889049
78.064797
32.704352
0.000000
5.572321
246.629321
98.232544
274.907365
137.488585
218.569618
130.628104
325.467064
186.490695
67.002423
16.212229
30.952138
105.556295
37.414762
127.094094
10.674745
43.730328
79.415156
51.444421
158.884525
212.457615
150.844283
54.728592
2.308617
45.543384
253.269015
268.271658
49.734735
36.160677
135.261275
0.121069
127.290224
210.615983
32.059498
135.715913
516.219875
182.636501
83.287564
5.297828
143.058242
175.984244
169.696763
14.496153
5.913281
38.819535
31.981785
45.217891
0.425650
0.992449
154.842482
26.332723
45.205587
176.866374
209.765280
147.975152
90.452766
97.599542
72.750363
38.682283
10.563489
24.396248
332.187327
0.852953
23.574633
128.635438
129.678686
185.869185
89.839930
47.504009
69.621213
24.932568
44.331336
74.529946
114.114728
6.704917
99.728682
3.845277
227.711940
41.576400
102.102710
18.927884
279.632350
172.840492
32.420304
232.809587
90.999208
94.143990
115.217582
90.137702
56.451010
251.543079
730.447141
513.296686
693.525296
22.198732
51.756052
15.485066
779.416698
0.558639
105.391307
9.883069
87.712934
95.793183
110.169901
110.147159
16.363337
79.639207
70.103274
154.565897
9.215021
31.970797
274.806404
363.953064
222.817192
82.114826
113.786264
20.872596
191.741807
0.000000
83.179038
42.177085
48.383489
156.510824
236.012798
43.073484
16.788141
44.079874
370.419829
272.422045
19.197088
11.637140
61.693430
78.209554
20.700418
38.061565
108.379937
89.118677
26.256772
145.136833
199.861975
182.522041
55.137606
3.667479
53.105590
64.332884
16.574444
160.914249
109.736384
126.965896
52.077047
8.136912
140.593555
30.838208
73.897264
6.555608
71.815261
58.613965
65.871195
234.588991
35.331013
21.532825
95.507286
251.655848
102.171863
55.459524
123.505546
38.474767
270.431308
167.682517
125.557708
31.587417
196.795287
4.794808
130.357353
197.333154
534.724702
193.331560
20.822237
186.519231
79.238978
267.236076
118.013814
339.640311
25.159061
29.213992
91.066704
161.832770
15.818212
34.017089
1.001334
149.598815
64.290340
0.267495
40.401410
119.320982
37.366077
5.295825
114.955953
118.639257
200.308861
42.683967
14.720382
34.652888
13.991695
5.969587
195.407583
79.252516
12.984626
102.579841
15.390298
34.604662
297.709022
38.888358
156.180216
80.790363
45.529130
138.619409
29.085381
34.364454
105.394495
72.744101
333.835712
12.580686
13.622705
17.928730
429.326390
98.540236
143.422498
137.793431
20.722229
18.636764
125.510977
53.878101
30.838788
155.674102
83.113971
238.652813
5.161293
21.128247
4.444323
57.479718
166.088116
78.787900
3.939278
150.258559
38.090112
179.179822
214.048340
259.201603
0.000000
295.636241
262.764559
56.391648
10.319109
0.000000
52.622423
30.390171
56.555557
111.014645
12.973235
24.034834
125.531686
103.319958
169.515714
17.271514
58.088851
48.450358
79.233102
425.531707
200.407080
122.655486
175.833259
274.920748
20.480371
20.892450
93.791510
189.250303
18.775918
52.187554
29.012047
123.956683
4.110548
439.299042
48.593589
15.467929
91.294389
93.375252
112.821827
335.871195
179.902548
13.149373
42.888070
42.928355
10.145716
323.069830
34.908417
187.145427
8.788958
107.126570
436.867786
43.133366
43.171075
740.850667
244.120859
287.376328
50.643453
238.289338
351.636559
48.725791
327.866026
268.411693
113.278252
24.564106
27.861248
30.285784
217.534758
212.203982
3.790335
46.989052
34.764560
263.408521
249.803033
67.473867
29.679540
223.179289
163.259588
77.398212
3.809133
284.986119
29.439234
104.616294
57.551983
47.352216
13.765533
125.287488
109.458244
0.000000
281.957379
1.114115
51.663369
13.318922
2.209218
15.805225
191.735122
25.476611
428.793732
112.370106
158.798604
16.690178
23.133178
14.549006
8.333603
6.746444
43.663983
132.006856
129.331516
92.716446
102.686805
30.097004
19.729816
427.112446
3.485720
0.000000
102.806187
26.025664
291.791321
56.424015
180.985603
23.821972
99.630527
220.765935
9.532749
88.189837
35.778844
460.494649
260.248529
66.599199
76.215581
30.846633
56.798783
10.816448
32.795897
70.033884
366.139777
126.993891
77.546866
172.355042
13.512166
205.430235
164.186332
75.856588
346.506843
349.819155
5.858349
23.842685
5.529615
110.852145
97.922854
13.663514
36.155010
6.105270
109.885825
205.840012
88.083462
40.803488
12.197612
68.292874
2.026635
62.938400
35.958085
140.353755
45.211298
31.796125
530.763732
193.830838
239.323260
28.570547
246.420012
112.680168
273.646109
417.251866
22.975185
37.028237
11.399303
138.859816
214.014517
52.794242
92.094874
115.483633
2.993557
169.197913
32.256938
44.670988
46.269403
217.876852
82.511702
31.904903
483.801071
134.448510
159.186261
504.919991
260.240101
11.148263
8.023918
69.286054
59.362588
63.371468
29.380575
45.293045
418.569248
20.295657
63.783903
98.736701
54.608554
58.166326
61.796937
401.635083
180.186756
112.943668
136.935585
60.269761
31.864899
9.616551
7.815297
0.000000
39.733640
82.354701
399.030618
27.906448
25.312931
193.041253
250.106043
215.602740
24.744135
3.863865
114.564026
620.345270
60.450209
360.139887
27.989283
27.161962
49.419150
35.179809
10.645063
34.817272
20.554071
484.122184
78.873325
71.878029
197.722240
112.038933
378.158763
42.627612
41.824967
128.053648
30.023295
21.948612
128.247508
179.444237
165.105137
48.948971
215.342578
95.179080
21.305370
160.233417
95.607733
9.262600
6.085976
4.863802
57.191593
244.571519
259.206601
108.003408
20.571577
21.249571
62.355372
60.668890
203.764635
456.254949
70.652673
199.993348
27.891226
67.190510
33.686358
9.698398
76.206092
240.031975
39.168781
199.588256
0.935333
1.294892
49.423795
92.414238
54.385085
57.810904
82.694102
67.972606
260.815049
0.676953
78.244305
86.444966
56.695136
178.422367
6.439007
150.242489
177.622438
4.827560
51.320926
4.438680
89.687284
43.244211
122.190887
20.513363
134.663730
29.830917
23.549815
298.108418
67.660995
0.000000
182.242455
157.736289
121.362116
60.398529
0.000000
130.654127
353.486196
39.233402
21.797899
87.415123
133.890413
176.441621
47.204393
235.994062
80.026009
750.063995
73.625319
80.165754
229.066823
182.772929
0.000000
6.524952
282.679227
35.809777
70.783947
239.151858
108.687645
18.931050
91.410215
114.158585
14.270092
27.748941
45.028535
8.527397
37.457852
226.475391
64.846710
5.137466
134.208339
12.728534
46.530034
26.215511
69.311065
18.019215
642.687547
115.557659
98.490882
486.725819
498.435085
0.196032
125.834638
0.000000
107.052034
117.752835
67.623814
37.168418
57.971173
17.540339
497.585718
52.972304
174.080076
18.625932
106.194266
42.750020
14.648569
104.264426
28.893284
171.108318
118.916824
312.446825
114.316257
172.410915
166.729921
0.000000
20.910533
117.668804
49.665274
2.486384
17.786681
58.830683
132.673130
0.000000
19.175092
250.629778
54.354961
415.132454
116.193014
102.916833
18.500182
177.152798
0.720183
63.033462
854.426745
33.130730
220.307666
127.885027
555.822058
20.970280
98.096516
95.549244
82.884760
170.609506
98.715449
16.202402
18.194614
101.355635
182.375735
114.054851
59.413977
126.592749
107.507602
37.318504
16.798177
53.948885
324.390541
41.281495
235.526479
36.865217
282.950525
448.580129
23.719356
5.939684
233.818787
156.949902
27.944281
18.981483
144.051206
210.713198
4.862470
179.516448
23.631325
4.174258
103.676259
363.487428
96.032099
48.991336
21.865995
68.966847
66.275723
60.734564
53.576209
24.801797
95.207009
36.884936
4.733678
37.710041
44.841713
13.398009
189.265692
18.219929
45.429588
42.629235
116.356665
14.909714
237.167294
593.334295
294.749548
203.443298
93.790689
244.565328
112.710258
53.802271
105.086207
449.652710
27.416023
71.355736
214.262089
389.120900
29.956943
230.264887
26.107483
55.315618
28.102291
8.353874
233.772543
26.876227
28.709127
252.942542
67.363719
5.163996
124.301419
400.263972
61.364836
103.400227
160.377425
246.584039
14.032001
49.237929
10.816696
67.805715
534.701861
104.539735
31.376503
8.985471
185.472660
839.466670
79.944540
194.143191
232.604245
469.010634
52.593936
102.278671
24.025348
159.385822
0.046219
13.048105
2.372875
0.000000
80.828831
79.646625
519.584877
160.220211
17.626962
319.882180
5.737827
12.876687
19.436781
63.645366
80.433855
13.167852
200.720564
220.859351
159.390093
49.604000
142.709054
0.634189
96.482897
44.205475
145.457502
52.913895
30.167216
58.132261
42.053809
47.860739
35.314113
120.344057
74.562966
96.085866
141.292322
147.868458
113.610314
55.272606
57.442389
9.465284
92.666679
107.046413
22.938148
49.479068
236.987307
20.741098
80.835550
64.516913
42.099313
13.538201
157.724679
86.860448
97.562061
134.737029
465.410235
25.074599
172.497728
71.508189
37.558661
69.226807
46.315695
79.834079
88.379688
64.612523
92.037830
66.617573
70.961326
53.130270
62.132059
30.132785
39.959661
220.892606
21.038540
19.008052
9.138277
50.702871
52.550535
12.746896
28.632587
407.514137
16.594025
372.013734
19.190618
268.525831
30.771422
3.339294
39.576155
151.978801
45.446650
128.080534
81.320994
206.071212
49.251576
38.568899
22.954958
19.742884
147.004297
7.260989
24.292215
39.670058
19.085169
137.161861
48.494067
13.984943
8.684242
113.690610
714.316553
0.989611
42.850232
22.226247
379.351020
61.285598
12.827572
72.610650
15.898728
20.123118
22.646633
64.685459
74.416941
17.688925
73.836154
6.271589
9.223305
49.549344
27.243973
49.788114
45.224882
60.383174
24.089333
55.171825
502.670210
17.933010
614.244824
12.056621
170.021254
28.732764
14.721201
24.749166
120.946029
10.287581
36.212754
137.636036
37.395786
38.767150
13.589730
493.623521
473.382004
21.194992
21.862211
1.268101
52.305285
176.634126
212.133993
116.532494
565.749312
370.026942
202.401706
39.313353
28.554213
17.997737
32.003917
391.823847
0.000000
111.948285
172.343497
14.717970
8.636913
24.069131
37.235505
16.778373
69.424917
42.819105
10.862454
93.789836
44.967718
657.068678
53.109151
156.892212
43.208158
37.458148
14.214249
23.733737
384.626363
27.903364
105.250195
6.606108
0.000000
41.144577
85.179363
49.857868
19.716720
50.294869
172.878674
49.712533
38.441594
54.098731
5.101234
22.113465
45.241935
23.869096
3.275838
471.183414
423.534311
128.965631
104.498871
13.007220
95.117793
219.143602
75.395753
29.820418
127.306330
10.287986
187.614757
101.295318
0.207490
8.595463
6.809106
57.865328
168.973369
64.340439
183.415074
20.457468
67.961177
9.056288
86.091774
287.713873
60.673569
40.735336
393.998856
247.070516
16.758824
186.955995
36.621167
86.722252
10.307776
22.097565
57.677261
217.910863
68.849795
175.085266
17.025070
151.725217
91.158910
241.718584
338.942451
174.378897
46.785445
41.307327
242.523545
32.063705
27.989676
66.737592
116.458101
30.934415
171.642372
75.106740
87.100778
260.762985
493.119387
27.531312
190.315617
360.970235
179.445547
8.072744
81.779574
436.083829
53.302241
27.722390
199.842297
143.340805
28.621203
106.693670
315.382476
164.555332
55.935570
128.874559
102.129255
201.422020
38.910806
194.574482
12.190784
43.571618
0.926909
20.088131
173.153565
86.351549
38.130955
48.516855
48.136154
49.837907
69.600506
146.911307
20.553389
49.423932
52.415013
153.574418
52.678308
159.000871
6.271589
41.244280
73.859630
23.482582
23.759695
120.260485
147.101971
127.019916
278.362472
20.277059
0.000000
486.959528
153.179433
636.300964
77.720378
358.363568
139.436965
102.669392
40.370925
9.818945
64.983908
43.378190
96.657258
141.398093
91.433348
40.171184
38.662231
119.804507
184.777321
959.936756
22.286098
50.158368
32.447717
64.207269
97.172505
155.734951
31.866040
73.184029
409.734274
365.113026
28.545276
467.056505
101.883816
18.537621
112.509910
3.815347
38.473109
31.004990
54.330673
38.958801
194.660453
117.868195
263.583764
67.011529
143.492065
55.626909
153.732184
18.195438
76.530150
192.321966
20.737212
24.811105
202.047809
40.253451
48.739233
30.383277
83.464325
30.753151
146.680369
15.334194
27.144453
61.318984
94.183082
27.987741
57.092823
14.431166
62.810360
98.266647
220.189892
258.664907
23.371515
22.603240
23.556801
44.121134
24.628476
58.562595
365.232644
70.628520
8.719004
21.210359
85.688939
157.250880
69.055527
41.065585
47.909501
93.380306
51.169699
350.123184
214.174579
0.000000
42.882910
302.146692
290.569309
215.738514
125.139032
29.504000
433.024178
259.436920
23.746813
64.991469
40.477607
5.821956
70.659214
217.212690
45.631444
30.384487
61.516380
71.370553
82.916776
18.013131
490.663450
94.374584
12.697186
22.268093
102.920462
77.685162
3.201814
30.752184
242.160166
70.680266
250.638261
9.821049
62.049907
34.985077
172.359727
401.506700
122.243843
30.120516
117.701089
106.226425
12.475490
557.529831
448.536781
123.388984
6.441689
31.574294
3.554715
33.557381
16.398342
56.663879
14.721201
132.864028
18.848462
17.497048
73.489780
212.245773
16.892583
63.558166
72.826727
29.804276
111.869970
95.620708
21.900143
103.414628
189.532207
274.792897
15.287904
273.410923
29.778111
162.838633
114.686960
0.000000
63.935110
336.224031
274.071595
517.820509
143.023850
12.563682
167.612610
403.118825
36.106345
273.170082
21.043426
111.903342
32.622051
143.628132
9.842683
111.566545
8.333603
10.086745
49.943844
15.793134
318.437880
18.767569
235.577782
366.011200
160.585457
45.317212
98.531337
53.802431
41.674737
646.655407
48.730823
63.008406
16.784304
200.865093
34.889416
53.905228
41.668808
328.042389
82.747271
92.356553
15.692029
160.650209
201.605198
98.392706
22.847102
45.802057
280.910682
359.442815
69.182546
200.055146
21.287937
28.732407
54.576488
35.621180
26.421691
21.327498
15.261564
112.804724
2.329679
23.430899
111.890034
97.227838
50.710662
102.252356
17.966532
119.754204
24.340599
545.197835
111.628593
187.036684
47.262440
26.141183
3.283668
35.585079
7.981900
23.412053
9.603650
104.369272
21.889624
76.239041
74.672730
88.340291
206.590562
189.435523
78.918995
44.720599
55.792439
39.096608
74.126719
173.252636
60.107624
173.576951
58.747795
81.063160
271.100829
664.082955
166.432182
56.878092
13.863663
254.630381
206.608161
138.754379
26.789466
52.620519
74.234376
577.849006
14.147606
106.749863
207.839203
43.513850
21.181967
151.753738
41.264052
29.359483
1359.856246
678.678794
191.633550
115.464031
27.288188
86.695642
18.289528
16.239818
48.852788
155.546386
54.614823
11.924958
232.809046
184.535518
289.067130
12.141823
33.099257
224.103814
288.249031
33.063635
83.008149
87.470964
626.720056
81.229095
34.475969
166.014013
5.545566
207.370061
73.775661
42.189217
173.000944
20.867480
29.994537
20.014096
66.770787
105.274078
196.516870
3.011599
70.725615
223.106802
49.762253
101.956310
30.928500
239.185308
144.008692
211.359974
349.165156
20.158707
15.741542
99.357035
60.796391
164.924817
35.062619
26.756785
305.913249
19.024213
136.255581
50.132234
24.655623
57.304854
173.985612
24.621492
522.376413
22.899793
52.411437
22.098880
80.235748
332.091282
42.203049
41.024060
2.827307
237.261364
13.845626
148.140080
11.530451
0.000000
45.744085
38.643172
48.622813
10.025483
32.801797
127.159814
36.500534
36.567179
145.238908
28.525422
86.907742
91.032433
453.183055
129.425256
148.881838
27.378541
75.109951
172.679017
37.571349
16.962727
10.162234
172.814845
9.867186
97.332666
32.037421
290.752173
54.397362
101.716444
56.889594
168.444299
48.517082
23.575256
424.441383
61.618096
268.923716
43.663430
243.784648
112.894470
146.646677
275.735096
203.421346
95.479997
162.931947
168.546093
86.374491
260.814243
97.359885
89.297339
46.437251
116.959069
11.246956
4.985275
28.945728
178.854353
3.752150
133.296244
79.128041
234.432052
89.560929
18.469324
14.914928
223.913910
66.317743
109.930983
28.665559
97.867298
267.376952
177.421327
43.962929
111.356365
19.673363
17.841753
3.816728
45.736767
26.361933
28.212665
4.461282
240.742919
60.932505
222.045487
5.268209
99.458999
60.756980
16.430875
474.281524
25.518691
144.255612
667.702004
43.064979
27.384308
162.105888
13.646932
118.389646
4.264896
133.412197
124.299735
470.386526
121.276335
2.144783
47.951347
47.733070
56.249318
30.164114
54.832422
85.571158
54.868742
12.414793
6.999983
15.621230
31.713477
55.922054
307.016730
153.323755
241.704101
96.471096
126.170260
66.764548
60.440029
75.464284
5.857081
154.401376
64.813261
468.565886
33.208014
17.852784
59.833634
200.889150
62.078978
25.248023
76.504114
44.852998
5.015647
425.994907
374.740262
425.086644
279.415785
64.936444
10.536241
78.804228
37.582987
373.746344
81.758704
149.699246
71.837907
57.481251
31.124280
89.473623
138.502756
74.828176
102.375565
7.991437
30.452938
2.709715
26.047240
88.423340
33.200370
3.078960
29.809984
76.811213
256.185215
192.730678
164.428955
276.687104
66.691885
71.191005
222.977544
132.409597
10.151091
52.471584
6.356471
8.450477
150.764690
144.964172
3.685442
114.894231
29.233765
39.439704
74.407886
24.365639
49.483999
72.806564
195.617733
50.966091
75.775486
32.201084
158.087633
0.000000
70.680631
123.190206
65.471747
109.052403
13.124457
85.728796
49.664773
41.452457
38.576354
66.255432
68.450980
140.766977
49.870109
25.326532
53.468265
14.914928
170.426925
85.376895
315.277485
36.723902
31.488610
239.998959
58.965692
2.958077
64.871663
108.899071
536.918415
253.908528
136.309965
33.761549
15.830306
83.102273
111.978884
137.642998
21.304857
197.410607
144.790128
38.082874
33.957592
24.698210
213.091270
37.225468
156.502986
126.040605
5.123847
0.000000
158.199223
153.644186
134.544963
14.986473
23.911391
0.000000
0.000000
122.986155
184.960738
102.947295
84.201601
500.359673
179.794675
104.541432
22.817509
97.953584
86.712965
247.484831
168.150994
168.371234
39.155029
278.953906
57.242660
12.953394
12.765198
7.820634
15.119894
26.509279
167.156847
0.000000
0.000000
292.092216
15.741542
219.266519
7.953978
49.184230
