210.831482
22.927025
75.491211
1.204916
136.199921
74.851814
52.517776
72.771461
65.250710
7.269510
603.184509
0.000000
116.600243
376.136688
237.897064
16.950169
3.281491
15.217600
46.247673
146.567764
43.256039
452.621368
191.562317
6.721029
0.359743
1.908389
5.874864
50.571568
3.729633
102.521523
44.542435
8.619621
293.624146
97.124489
45.807217
115.730530
244.679855
104.572670
102.706360
41.987160
5.266250
60.504017
1.091017
196.451111
3.532687
3.355364
4.933812
1.190554
13.083206
2.197827
87.521744
40.982754
0.033941
92.809082
259.774078
44.583855
3.488719
5.186534
51.356583
73.308449
43.869205
161.366272
53.270065
374.025085
29.262484
163.417648
137.677597
71.113564
18.622885
4.783020
139.540619
138.746536
2.234541
169.688965
45.223076
84.582764
8.897837
38.703835
157.355225
47.269001
13.950323
100.552307
5.439610
9.436809
43.072048
120.482109
246.848434
58.480389
24.806688
53.630547
5.230686
70.962624
78.284157
222.268646
6.623410
99.153763
4.760106
18.704454
12.793405
79.700073
9.972848
78.023872
15.841572
132.785126
178.656326
205.736938
589.071838
243.315353
69.191414
20.107607
37.695896
257.229889
5.099401
3.830019
76.446136
46.439812
46.750805
1.514032
37.469643
5.993102
210.030487
229.497910
3.660050
34.930950
192.614334
4.075679
3.899237
114.592941
145.883423
18.976187
59.419975
25.986814
2.070573
11.942767
379.739105
106.061531
18.912407
146.229126
122.578476
3.897790
141.326706
5.999459
160.499680
19.190979
5.297738
49.185429
179.602005
228.778687
74.072464
2.197827
162.122345
31.069992
180.488770
50.494740
4.250274
65.722130
0.432633
50.401005
143.301758
113.654785
90.081657
187.023514
41.440136
145.587463
58.341660
87.174911
1.576918
205.590698
14.398886
93.626381
86.275970
489.864868
40.882618
24.720337
34.832355
75.280792
2.431409
154.262222
2.724595
133.119629
62.895351
1.473788
261.843048
114.731041
235.544418
210.078491
270.278137
158.915344
256.233307
298.727936
142.590805
1.396551
4.842697
35.024506
177.995346
4.682587
59.118938
110.688896
16.213076
197.323563
156.461838
47.234158
36.659107
94.624184
3.932883
437.935089
91.656509
13.480096
4.738075
36.118279
31.699554
62.602921
58.414112
14.448381
15.920277
118.022339
17.174433
791.928528
5.445564
138.460220
171.858185
98.003548
2.966464
26.904568
52.529198
215.120346
27.323696
1.029013
173.558853
7.010337
18.344868
51.126991
1240.841431
136.030319
224.292679
94.760887
112.705750
22.299341
30.931601
14.481064
28.996998
279.725616
4.454959
64.058647
16.959749
187.319611
90.328941
13.552814
25.304163
552.835022
0.690507
53.595730
4.381402
21.913652
0.000000
51.524632
192.281052
8.988975
158.458710
37.040936
112.597527
5.210929
343.803162
716.196777
6.560446
1.593869
1.245171
1.449322
6.862990
3.856950
91.447235
46.392536
48.529907
93.725067
4.133152
3.541884
77.637192
9.196545
221.310089
51.318947
20.989189
122.640251
42.298817
3.453614
13.215876
7.586452
32.604305
145.589981
120.198196
36.001709
169.050262
4.714829
17.725815
146.020981
132.313766
97.687660
34.949673
56.178223
1.283679
97.317734
18.076509
175.454712
3.787151
6.489195
107.433464
358.328247
182.304245
11.529100
457.709229
4.610995
55.472397
30.851648
56.675720
21.086975
4.781312
215.551239
50.721127
5.237288
0.863044
189.127701
454.138885
405.049652
169.845871
90.510063
191.974487
2.936953
122.054436
34.041534
266.567322
1.651267
135.064987
13.144541
91.027687
241.628830
36.695580
3.795335
12.623074
140.108917
98.510590
8.506566
63.107117
2.013130
48.732193
123.289528
9.607290
51.581127
136.325592
9.956167
47.671642
142.709579
264.131134
2.197827
6.062940
373.401855
63.371071
5.350274
4.230496
15.630606
33.969749
112.535301
72.430542
2.005137
45.753300
98.805077
1.931960
4.594038
239.065826
20.275570
88.873192
76.474358
4.030320
7.388203
0.000000
13.251542
44.397751
165.672638
189.544830
82.591705
7.481105
101.682220
48.918255
19.238750
0.974102
55.154171
128.615402
77.030037
461.024414
147.407776
5.306527
184.610596
7.603136
7.435131
161.365967
120.010056
37.939392
239.679840
19.424606
27.409878
70.022972
3.220407
5.311691
5.063139
212.899170
459.902649
129.471054
75.607101
135.399017
251.201447
25.067331
373.128632
5.208175
379.335358
0.319867
99.849983
63.989693
115.893677
29.790936
85.049904
76.512489
12.559687
24.689959
55.799412
150.854233
12.353582
40.086102
1.318697
6.477825
125.551231
91.115974
165.824982
131.901520
6.338605
2.720946
186.867661
6.141017
50.382931
165.142502
0.000000
59.357777
44.426346
28.350782
103.504440
2.676865
309.841644
427.749573
7.839211
31.600380
17.603369
16.373302
60.775364
4.314846
7.812749
79.076332
164.323395
47.740711
1.144863
35.184978
67.041779
1.581653
42.724602
586.343506
240.498245
1.730193
94.322716
6.156668
1.106656
191.443176
31.289257
113.775398
8.372737
15.142889
130.347595
559.177551
107.143318
4.461827
36.968338
112.558853
7.745461
157.448517
12.888909
0.441483
5.456388
0.627202
46.821758
7.941236
553.226562
99.980049
10.888461
23.600657
87.811913
84.629784
213.062317
357.740692
1.033410
230.215195
279.266571
1.881736
215.488052
23.436626
34.170078
203.691925
1030.891602
5.498517
4.825121
6.719870
370.157318
133.385941
0.127825
8.898141
159.725067
4.850235
42.374912
8.726392
52.846897
5.040637
233.127945
117.548363
51.547268
58.636726
4.137309
64.930870
0.863050
4.763034
44.305141
115.320419
4.360055
123.511078
55.167747
62.204720
49.981327
8.089065
221.758636
115.289696
74.235588
41.058655
20.988611
180.334793
28.933571
0.116928
58.730103
8.497155
263.927277
122.751610
9.576433
249.821884
2.713556
22.309420
33.108311
288.967621
43.053810
32.813786
108.636177
244.700119
107.119499
37.404331
363.965973
166.991318
36.776398
46.354439
274.050262
14.765296
2.592808
16.258101
66.645355
4.735585
5.870417
3.528394
21.020441
9.913739
9.152412
123.737907
10.696957
141.152390
153.389450
242.004776
36.407974
361.456787
121.506157
56.501812
27.672607
5.742044
240.090469
136.135559
0.462542
6.600547
387.835083
7.141327
91.329124
75.684875
78.091728
16.972397
40.508305
159.317474
97.550446
104.061592
101.527229
18.983114
21.078325
271.968903
0.668033
74.884338
313.043732
55.271145
73.368568
112.465813
176.964554
344.743591
190.274002
4.365691
58.485664
35.594513
10.404020
40.303432
29.289848
61.099648
137.856384
6.377447
4.887918
21.034000
8.334242
53.136555
7.860580
46.930576
39.286369
12.924211
412.207397
37.700695
86.938850
181.043045
31.958862
132.053375
207.941711
154.860611
182.457794
125.085808
63.573845
212.556747
25.573992
4.840396
5.923223
231.570404
283.335968
79.291519
49.076473
4.115092
3.024405
296.487610
321.890503
89.991844
101.726692
3.595925
271.644592
0.000000
117.855202
13.828427
78.120850
31.343445
4.166358
72.480423
54.982315
805.096924
4.590879
32.085903
10.332639
72.278809
11.998075
1.507430
51.211807
63.464752
66.281815
37.749279
6.318582
129.538712
66.079483
1.264687
104.255547
5.438680
30.048891
223.338593
2.562515
252.971710
3.934793
10.035481
32.576481
1.824034
1.420844
135.339462
52.026691
3.123017
3.372262
0.733853
53.296661
110.128235
51.062557
220.994431
189.266815
274.261505
175.851288
167.341827
141.333694
41.060909
3.706169
122.186417
210.229919
176.901505
0.557334
0.832195
58.277176
76.674805
106.824646
215.653793
72.304634
100.335213
37.346279
0.000000
200.250549
1.672101
39.252586
3.040038
51.030766
67.059074
170.440796
46.286949
120.487442
20.558672
96.360641
262.091309
76.590736
6.531004
8.001035
1.965324
82.509796
102.169037
167.540131
90.876678
203.457703
208.263077
248.049469
12.137981
4.335895
105.850441
0.567861
60.553719
5.922044
71.965912
18.930927
9.356773
35.965794
0.613868
92.047279
54.543003
73.919121
249.086472
394.031586
106.135735
0.424102
3.489774
1.264818
742.955261
36.993828
280.053894
135.583984
16.941807
152.475906
2.071856
6.982624
4.829553
440.028900
2.311081
33.618950
61.098583
10.073104
218.199493
1.339797
73.585060
18.055754
16.821957
4.455647
330.868256
271.714417
15.428497
52.550270
30.666740
28.893675
53.836910
64.700668
202.673813
107.563316
57.647202
1.522183
5.698059
221.535690
66.599731
223.829071
29.967997
70.142113
40.325390
10.438066
148.276489
7.354568
61.948311
127.601318
125.298759
44.999081
5.341130
158.681183
309.094177
23.987185
41.167614
91.356163
176.685913
219.834854
3.910563
2.345585
599.616638
540.777893
83.429100
1.862421
27.428362
30.962502
181.123016
4.398491
4.595324
7.561408
40.708492
27.711340
269.628265
5.086977
4.882123
43.269779
4.522471
164.436157
21.674816
131.572510
207.144196
41.809177
33.112328
2.942725
89.445366
200.568832
4.862679
3.062270
0.925362
84.472809
50.794292
3.899237
225.163666
60.402920
18.800039
6.128296
193.821030
1.695720
1.758660
2.867902
146.441727
39.843037
175.140549
58.658314
158.934860
40.902893
1.228554
6.142125
5.875253
177.646088
197.217484
177.611420
88.327263
1.434274
0.004276
210.440842
420.402374
15.539352
35.929035
3.921963
17.876724
238.227188
0.568610
127.712372
61.743458
8.201281
31.276165
25.499556
78.398407
4.732560
158.926712
104.755310
5.650778
6.526820
11.785375
45.860088
280.336670
55.613972
290.788788
27.822771
10.172070
847.578979
34.431305
97.441673
193.511566
42.701103
12.318182
0.336651
5.082587
147.439911
154.158615
71.013535
2.345366
39.379215
4.536635
48.890820
78.426735
88.422981
51.134872
3.898657
235.972733
159.422012
75.378700
43.854660
582.109985
15.744019
90.914543
196.307205
0.684800
150.658066
264.024323
192.919785
334.635010
5.682806
145.355026
5.367564
200.845825
37.827709
2.036329
161.069016
62.749638
29.715839
114.461006
0.500441
46.168617
192.866348
3.272066
193.281586
180.308685
4.397845
3.932981
4.416352
141.992737
11.464402
5.433894
181.034454
111.062325
20.253664
37.898724
158.405411
0.155630
55.585850
29.873796
72.111908
203.854889
6.322817
4.871410
777.144592
119.195518
33.634991
1.470690
4.422383
214.018219
42.339355
8.242863
173.017914
84.948128
142.775513
257.870483
164.333481
71.774834
46.415104
234.026596
37.436756
55.972881
390.853149
85.582420
74.303993
317.849274
3.780960
55.492786
181.111725
44.103451
9.964146
94.619850
5.874214
180.013000
67.320953
107.122231
4.290116
127.222916
8.596803
79.570305
4.222971
63.175293
0.986737
199.234665
4.027987
4.897271
0.295732
44.263477
2.874977
1.865448
34.843819
84.867592
1.901140
68.242584
145.703186
80.823296
61.100121
96.802124
227.261948
26.987614
3.978158
20.206398
182.023712
79.765747
33.459785
15.243696
40.928669
13.792946
60.745029
71.107506
27.006811
149.673782
53.484226
34.951233
3.748383
152.073196
3.908356
15.659798
3.388908
166.758148
2.304606
284.669281
137.078003
222.450775
75.822815
61.960861
48.560513
133.038116
9.846909
98.951050
5.489011
4.582677
38.205910
8.330094
159.225769
70.694954
200.477432
24.524088
58.212399
4.814355
51.154106
67.226410
2.175057
90.290886
65.513496
217.573257
18.683851
0.987107
4.723082
1.680941
3.181689
6.980042
108.044830
80.552383
11.493877
33.580574
7.552799
20.242189
270.741119
69.354294
4.588969
189.193619
27.704140
101.109543
177.784653
54.226276
23.218426
60.120850
97.257645
550.511169
23.884659
224.391541
78.859894
19.163034
11.622143
29.050112
4.950993
100.683037
56.726124
50.746239
36.549816
34.542538
1.207421
38.379654
67.666428
19.735497
4.590879
7.606864
64.517593
193.555161
63.225006
285.860107
65.019836
36.283569
109.710922
364.479370
42.253017
1.893731
64.409271
2.522866
128.266724
0.477932
16.910805
4.781129
295.984161
89.904671
42.565155
7.766486
114.496628
19.123049
52.813145
60.863060
49.905720
22.329859
122.528641
101.047241
1.685562
134.351944
175.531464
1.913681
131.161804
101.097374
3.469013
55.631470
247.915436
519.813049
35.859173
338.271057
21.143953
27.786642
11.461526
120.687576
5.356811
59.095722
40.169842
266.442047
112.170242
7.346405
89.379578
327.646423
60.359955
187.412491
3.675832
42.349442
183.737686
10.120729
0.939849
82.954338
8.122190
409.857574
61.833874
89.537445
132.061188
74.205025
2.066709
215.273132
70.645370
342.640076
127.623398
109.464561
194.098068
2.039161
195.806366
49.093872
49.339394
114.825722
38.009323
267.122528
8.817342
1.230662
66.396217
7.195242
64.030609
29.885178
65.191406
136.850967
1.528916
51.147564
49.787678
260.138306
33.302074
21.599958
26.221266
44.670338
65.691757
10.820257
6.048579
36.656227
86.700699
32.804569
4.620870
195.290253
6.041006
213.042221
130.358047
34.706242
19.886580
87.958725
31.431976
296.866608
9.197021
24.064505
344.068146
28.529768
16.708857
71.222923
15.288401
27.042606
24.618525
82.017555
387.876801
37.243416
86.620651
170.940689
31.855598
0.561066
171.774963
35.595196
33.353573
6.874515
180.708466
71.098297
47.901855
0.818393
313.759277
72.445496
47.163460
177.036179
7.568159
124.038643
7.076344
80.367340
208.153229
10.588800
320.812836
116.341843
111.377182
0.349132
114.015579
1.474061
58.812073
103.556824
265.259186
53.269005
123.113922
3.301631
3.954231
4.876770
3.300340
545.852783
183.407120
8.434137
64.975685
69.311501
210.717178
447.039673
26.656616
106.003761
95.916397
70.716187
3.080137
218.854355
3.578521
1.691306
0.000000
9.322835
76.726860
9.363520
61.835522
273.645691
94.744957
18.890533
145.344559
38.121689
16.628109
4.992853
0.621267
375.126648
5.915829
129.368637
111.176094
25.832741
92.873962
50.764439
62.535446
8.497361
264.507385
78.598869
542.841248
288.608490
16.340685
19.552906
95.921761
469.430786
119.917305
56.642452
127.143509
11.202654
24.851570
8.593415
135.834045
61.748333
382.667633
226.292465
1192.541382
6.127092
205.238525
37.384605
77.004257
15.728029
231.004517
20.892664
26.254663
9.435069
53.577274
193.300293
58.270649
152.189148
52.212341
5.505092
4.451694
46.274357
256.842773
27.068632
187.487885
89.310219
0.144294
7.118327
2.895232
4.525928
53.218475
372.480530
7.684763
25.234518
36.860081
101.580284
6.557649
155.906296
78.211563
109.161156
84.683945
36.907104
17.758364
6.478370
1085.676880
12.282346
162.271301
127.960434
11.582874
143.218048
102.760521
428.923462
0.364076
33.089455
5.957541
54.918819
19.197350
23.974003
187.360474
5.431251
1.910184
236.607040
16.678358
0.000000
14.100072
14.723104
151.837769
197.749664
32.152500
4.072673
4.791681
26.967997
69.467911
140.112488
10.589331
39.544579
180.490067
49.231014
233.392578
1.624013
6.712044
111.130203
222.297180
24.577658
166.053680
10.839222
29.560213
2.540464
150.614380
249.600967
2.418331
3.849400
133.930313
1.762114
159.450012
4.973046
100.368462
0.000000
30.215868
28.818449
27.019114
103.112206
106.586906
4.680686
229.569580
234.356308
1.123656
26.910404
197.216537
161.797226
40.549137
45.875599
3.173738
226.493378
146.451141
198.054306
133.055573
207.536407
13.483825
17.992254
214.793289
6.896590
3.098773
140.272308
46.603714
321.951935
1.389405
31.653557
86.401207
87.052643
4.311882
11.349733
20.436646
183.005707
4.165158
3.904162
30.023672
238.459549
32.432896
208.022430
23.205784
228.197739
123.126350
10.354275
152.009857
187.674377
6.334191
3.475727
124.726433
109.596588
142.937332
27.827011
358.313354
14.022598
25.232754
110.463737
236.032745
160.921555
1.204916
48.106960
239.906952
33.115929
109.336426
69.957977
68.555504
6.329381
21.490959
0.000000
3.256526
80.560707
14.377587
79.707924
5.042379
0.000000
8.059608
37.626362
171.621292
47.446220
170.724625
10.881856
4.476228
2.593909
34.812359
54.943302
2.194920
0.000000
182.827148
51.365295
193.643494
704.127563
2.909530
0.146508
20.813719
39.485733
30.378071
217.940948
72.088829
30.769178
31.607937
1.147620
708.679626
155.471085
116.938469
56.280746
8.577810
169.188660
20.172575
363.692657
5.085717
226.081223
3.432257
94.377640
361.049988
22.903368
123.832870
173.459000
418.894409
3.071900
110.171265
331.405151
7.291549
218.301102
138.932770
210.860779
164.508591
48.748283
128.617996
159.545746
99.762932
63.324738
60.565460
1928.684204
100.627922
150.343521
174.569595
12.102628
132.397507
548.148926
5.824516
41.183292
4.638164
67.040642
1.416838
14.301696
31.663860
68.885498
3.270469
10.771755
42.987217
445.110168
52.516232
151.035294
158.869980
4.261108
316.535797
37.017879
67.370354
6.669086
373.384186
0.606385
8.862359
110.872574
172.438614
1.307279
94.124924
142.649826
178.361969
39.455204
139.538208
382.145142
18.635241
265.337555
64.886086
116.003479
168.326416
121.408813
15.055164
233.166031
167.919159
2.955624
337.045074
5.611097
181.421829
160.644684
107.656540
37.920261
4.685313
1.560122
37.173729
29.710464
3.951750
198.310455
34.615402
36.209789
176.576141
2.388616
177.106155
85.344200
126.386429
0.554381
113.280945
21.963678
123.217415
162.161713
2.990141
1.935760
106.458679
80.816429
155.113434
14.947809
78.184898
28.577013
141.819992
19.674107
215.679214
197.962158
3.912844
113.654564
1.164198
6.917957
42.505028
4.046173
8.761422
150.810287
7.481985
144.656860
202.687210
4.306475
12.997628
444.716370
11.864551
15.433229
107.362701
303.647614
31.727802
182.975525
220.610397
19.356384
89.240524
36.627731
29.109592
3.813964
55.157009
31.881821
41.346340
6.461981
2.386993
34.262169
372.923340
25.543667
5.987959
183.725266
829.088928
142.075333
18.498171
0.787269
160.555450
285.292877
39.017971
232.692963
55.164829
22.286674
305.425354
7.354568
33.888638
6.131088
42.130165
88.975288
22.826622
3.116279
345.223328
12.678828
54.434547
23.432560
78.441055
123.880142
319.257233
5.067253
89.020050
100.144379
39.880836
53.529358
0.000000
88.347282
17.171356
103.851440
228.900116
0.978259
209.155441
33.253376
325.066162
19.589073
17.642033
60.755070
115.886490
41.520576
47.602516
86.753113
547.508545
56.098011
28.186981
62.367313
2.269562
0.806561
3.759537
72.512733
67.168167
142.966843
20.222006
124.855034
3.441569
125.346893
21.131186
305.192535
12.471170
1.618151
4.273256
13.762956
111.712265
60.919544
99.733055
68.031105
5.702378
42.800278
45.195930
43.493576
132.029526
9.280519
219.299942
159.926529
93.405273
34.656849
0.442491
79.286736
94.905563
584.556885
83.195763
41.392414
136.103989
28.255905
4.606650
86.825203
190.881210
123.177269
109.887070
111.812920
105.373947
160.952591
304.322418
44.928398
5.184672
42.583992
0.181689
401.154633
2.494111
274.369019
95.759956
32.075130
28.705391
1.795317
4.758624
5.354234
46.557938
211.383102
23.532309
23.447628
3.023413
5.419318
169.044922
5.107341
598.465820
3.008345
42.016010
48.348091
0.582620
29.489758
58.061367
2.167434
50.693230
24.127642
3.493570
108.893692
313.622437
0.896366
74.657295
97.692696
222.182007
9.623625
75.515251
130.968674
118.833443
95.932617
3.236987
109.548294
23.141556
168.297195
237.466965
5.403466
56.926834
4.507406
1.798917
27.893715
6.310146
54.796085
6.286874
6.177261
165.872803
85.951057
925.698547
3.358496
64.126190
4.971536
5.879308
302.022369
10.321285
8.470975
5.611939
33.025948
94.928070
88.249008
33.440868
6.989136
18.710243
63.820091
27.026363
23.580429
10.481384
21.891571
118.767235
66.205116
25.188560
2.622637
54.918659
93.317261
8.697165
6.975583
21.494482
4.920968
5.239011
106.008354
132.505234
0.000000
12.985482
7.020146
2.694305
35.058704
0.810947
191.619995
11.134591
78.043510
12.156771
49.590797
23.751335
50.301102
382.343231
52.477497
0.405944
1.431913
20.965410
168.469788
6.530177
5.235552
172.487076
45.427990
4.377342
114.249565
164.605209
26.591105
68.522705
99.849693
5.096255
0.167609
51.770908
112.201332
191.774734
2.148324
48.969612
110.808044
147.317505
320.415039
358.548676
29.709410
164.516632
192.006424
1.383979
106.564079
196.368179
131.112976
63.126808
2.440737
31.129364
94.909500
4.877664
1.924269
47.665722
130.233536
258.179993
29.526833
62.722832
224.492905
0.073486
1.849957
4.219422
88.817970
212.872345
181.527802
151.403519
508.229950
221.797195
70.922180
11.357544
65.779747
213.149612
39.058159
122.325996
50.888645
857.837280
153.873962
83.033722
66.232613
137.377182
51.310730
60.154316
531.595581
53.012699
73.139694
3.268727
1.714538
154.030670
29.490957
88.587379
476.543793
37.719135
13.310266
22.998575
18.833900
627.770691
23.860031
155.333344
163.335663
213.169113
167.879135
4.829553
41.667858
38.704620
4.717427
101.251617
150.055206
8.071866
1.527408
344.512177
201.889435
5.344451
95.526772
56.369228
216.947037
196.468811
456.427307
0.000000
90.454315
166.029861
117.817177
8.283721
128.475418
2.349447
48.830917
202.086884
68.941101
11.135881
111.999306
206.104462
73.592560
116.915810
30.158005
90.020653
27.894714
182.499268
131.968018
0.888225
81.244148
90.059990
235.637146
108.885361
9.634910
6.944234
229.195969
55.051712
27.280308
65.883728
179.364136
185.957214
14.671913
178.717682
87.497391
55.917080
30.314577
98.262688
3.813964
68.700958
2.435751
77.732155
423.791534
7.479920
39.168461
384.029724
23.663376
33.013378
80.378471
27.244427
23.654821
6.114357
8.461429
318.478119
175.711853
83.057922
260.966919
88.187576
28.017773
10.459378
179.459442
182.824356
55.775177
8.133183
185.204987
71.463150
75.864410
768.896423
54.786934
132.610504
24.260632
244.912384
3.394903
803.554382
40.828243
1.944257
1.287533
3.889971
1.625644
267.822144
4.828528
69.231750
251.808395
3.303923
97.321342
108.687111
16.482483
483.531158
14.646985
296.832245
236.472031
319.392853
67.217857
28.857897
3.921706
4.888695
9.261015
79.871956
12.927335
213.479691
4.526713
149.017899
151.959076
148.736893
145.380844
2.312356
53.179321
4.487345
104.698395
69.518936
53.947578
198.847382
34.464325
11.082707
42.091621
40.613327
212.082016
226.085876
272.872406
19.756536
4.919518
64.641174
0.000000
86.869270
0.064520
15.532457
119.629417
14.920471
25.535131
248.634918
27.780500
30.723507
140.154877
7.778050
358.261444
192.641937
145.706970
3.412894
112.873627
5.088800
28.559931
263.524994
41.885548
124.133598
325.845276
9.647377
5.040733
144.348404
52.021648
40.986927
162.550873
23.206091
11.093111
1.387616
163.077118
37.370403
13.060554
1285.119995
71.997650
13.313107
71.864174
47.740120
59.103489
117.450607
94.885124
8.675679
17.616734
38.426682
36.129181
342.277496
645.307434
1.160110
92.068489
8.478123
120.367699
50.481113
10.256732
532.785461
7.428951
18.535011
37.449875
32.369816
3.758339
1.500184
3.299911
3.749306
2.611377
30.153511
55.319546
27.209753
148.073410
3.135973
9.895746
42.327515
21.568125
23.054272
110.617767
68.926598
33.875832
3.299989
7.627196
10.723343
218.272141
5.147900
232.697754
65.268150
64.310043
146.484131
100.787918
811.875732
181.759644
88.073074
141.324463
66.023788
131.072983
36.811684
123.339554
5.685622
320.267456
153.674240
44.053593
7.419714
24.200939
27.760792
44.229366
97.780411
5.727848
4.046599
17.091259
0.123628
2.287645
54.048412
3.321599
2.904009
39.067017
73.270615
18.911942
8.213350
107.120117
26.745955
7.482161
4.435821
114.854828
83.178497
60.247818
0.707569
57.249245
58.647564
11.479356
18.721897
15.245079
6.065542
54.737663
205.743347
24.443188
459.774536
6.918609
4.179716
4.796910
922.389465
11.113089
3.153994
226.565430
214.571762
39.181160
1.991776
5.880069
83.536255
360.654175
326.143707
1.408324
2.403445
195.679352
220.787567
7.803030
408.748840
170.272476
76.997742
1.010058
29.023113
96.196442
736.443848
134.840561
21.949278
197.597427
314.082428
129.009888
91.580147
20.067375
131.130234
118.055313
242.111282
152.765244
111.222420
233.656387
49.437618
19.261370
56.893448
58.487564
147.036087
16.908396
194.927429
39.007908
144.034225
0.808526
224.119568
1.721185
345.330658
150.801682
3.104045
4.631491
82.730537
75.621460
36.600235
298.766357
215.400742
211.230957
47.537682
79.995605
18.755436
0.803912
60.922409
79.436638
252.122498
30.808619
140.536362
13.806273
451.941376
8.504322
6.871667
65.582008
194.477631
15.860977
1.253961
1.956991
33.747765
2.019849
97.996094
0.000000
14.527655
54.524811
2.345366
3.540424
63.193161
4.204502
55.277237
51.879307
20.191795
59.713547
5.219595
47.478550
58.713158
80.178566
313.000610
135.360779
96.826050
7.914607
23.273336
117.376984
54.725704
27.449055
0.809628
267.511200
3.482708
222.840118
34.224030
4.727934
8.463096
111.606918
44.729927
31.666637
151.068863
190.290771
23.500460
28.931108
17.087572
30.057583
0.292260
115.923508
4.801743
1.963159
171.006943
141.696167
6.374486
3.185842
29.553474
73.485222
0.000000
9.055208
161.045059
140.242004
148.382309
196.555359
0.830218
274.683014
180.348465
7.518770
253.193298
29.345253
168.083557
13.217902
138.810654
48.015522
5.237288
12.297502
304.168579
115.228104
120.308746
5.992603
3.388804
0.034387
2.010234
56.094036
16.230740
159.965042
0.065206
2.303792
33.575016
93.769249
138.108292
33.045303
10.154764
3.661345
30.993441
115.621429
202.575546
14.594346
86.436012
65.596863
3.304899
195.331909
218.469330
51.447800
20.498613
92.512894
10.441598
4.540647
64.865852
70.726105
39.105473
27.773804
66.695595
40.331459
165.513519
3.324178
17.035872
212.984970
551.061890
125.946800
25.175951
2.065563
0.988228
2.613831
97.080704
10.090266
0.431778
54.477917
37.133831
162.391861
62.136253
7.880631
85.969215
671.335510
70.773697
24.276312
201.159454
29.726343
60.733963
20.951416
203.612778
12.971798
17.800774
20.774775
8.388133
131.153610
23.258423
150.408340
43.904984
18.825169
49.354820
8.568571
11.748963
1.411840
2.331838
78.971436
3.292336
187.224808
7.481105
302.033508
217.580551
49.467567
184.972504
253.720016
434.307922
48.047085
199.719894
170.036697
141.511078
3.992718
54.884914
43.082451
87.851135
49.566212
110.922302
124.505943
5.731045
4.204348
219.117859
83.318382
159.643158
56.028763
0.000000
72.805168
86.833450
217.213135
42.634666
157.088684
358.091187
83.489510
17.275358
4.718514
2.502388
0.049058
359.036407
269.899384
68.205910
74.016777
1.593444
181.666855
166.196411
53.644928
1.463555
176.038177
269.989197
1.703348
194.321182
191.751572
39.226517
159.832703
170.863464
244.887756
1.638631
32.621445
11.345668
362.226196
22.110832
292.209869
1.815875
75.413818
155.597672
7.937675
249.711166
93.321938
14.109727
7.647415
20.246637
11.198525
4.999898
30.106693
60.306259
48.737362
196.092529
2.830410
151.991470
140.818207
19.873632
22.635363
4.829040
118.986557
339.570038
27.690962
5.225163
278.590759
234.311981
6.258507
36.145199
60.807423
85.888306
7.117038
19.795559
0.813072
146.185547
47.675842
243.937897
114.486443
620.099243
28.524004
20.295534
144.902664
2.428804
18.621284
54.787041
10.058672
12.495911
6.325641
79.489929
4.632529
160.670273
84.081917
7.718854
125.052628
101.389694
164.685776
57.044430
105.917412
310.753937
0.000000
77.364166
43.470860
208.773285
119.912811
0.000000
2.175170
12.800961
105.647850
5.220561
161.937561
33.055141
0.061765
240.481537
228.872940
34.396736
219.756943
266.919556
40.209858
118.044754
33.129498
44.513725
45.120918
254.573608
28.923460
189.012772
245.026978
4.714829
164.028107
158.534073
22.657040
131.092072
182.695023
49.328655
4.454959
244.380127
29.445259
1.421085
216.847916
1.623880
81.680183
2.239594
292.644318
106.058060
436.823029
1.667210
3.183358
1.956991
191.535141
186.143890
170.744278
110.431320
74.072212
9.023907
126.072891
194.453857
5.767330
93.835976
1.581653
16.324652
17.445341
64.663086
3.333399
245.830948
41.593731
156.399673
328.602631
21.414709
56.693954
28.820148
733.404236
5.191230
18.837055
137.367538
5.350274
4.069065
69.262573
30.362059
121.223923
54.175289
33.249699
109.057304
15.674490
94.632759
266.691376
42.125786
63.598145
4.734958
11.533824
25.558302
8.470975
29.465227
2.570067
22.764635
62.245361
1.029281
2.805494
6.714435
4.702295
123.260841
94.905884
311.445068
86.835167
14.377587
92.901230
18.301027
12.711117
0.000000
85.776260
19.863655
47.593609
15.064848
6.119459
24.316015
110.123993
269.920319
40.566654
49.408813
16.894512
259.361694
10.120146
0.141708
36.759922
134.161942
90.156609
38.505833
16.188683
39.880447
194.964050
1.600037
38.920288
3.541769
19.103014
27.661974
23.386700
8.082989
184.047760
3.884192
12.960187
65.597084
5.725612
48.787060
6.532080
145.189789
17.759977
63.388351
36.911404
5.657835
164.106735
81.148834
214.308990
32.519646
179.000092
9.011771
1.658985
6.203456
59.825863
7.897105
44.699932
5.219639
14.959482
368.904816
4.211424
1.257879
3.379219
1.625112
43.154240
115.835449
13.576873
79.160072
2.331986
157.563171
0.319352
23.157827
36.978615
5.003767
8.313819
21.475124
4.851227
32.747269
4.701697
186.305222
231.589706
1.386692
10.640759
34.659126
0.000000
2.494025
3.786010
3.033986
56.547783
6.222432
50.341969
414.821960
63.277397
27.074354
6.723522
153.343002
187.240692
553.210693
10.116395
8.178067
42.530811
184.007614
43.475525
41.261822
14.852359
1.057259
75.990959
78.538651
91.010971
5.898648
0.565610
25.484188
92.359047
1.675811
5.300863
31.648037
343.582092
297.824036
4.952550
6.439513
12.866500
1.615447
3.371325
33.222305
20.629255
24.479691
241.435806
82.238464
2.445456
5.019973
62.893856
240.406830
49.972454
64.848709
65.867691
95.959152
0.600586
140.614395
1.964464
54.273670
56.128403
219.501083
119.772385
8.848063
150.938477
77.873070
69.312645
28.462996
100.824379
1.692791
26.775343
4.561174
25.865534
261.666870
44.498047
225.815323
198.564377
9.320227
77.133911
160.299820
5.188014
118.204086
32.345646
278.803497
0.774547
80.372032
193.763916
29.249023
98.133461
4.084532
36.027821
9.558187
1.899868
15.741819
2.801784
82.446861
105.166595
11.250256
136.533859
32.144150
5.051623
145.847290
74.799713
21.328552
204.833847
5.393016
1.466760
7.993945
361.700897
4.137309
200.473404
0.000000
63.492577
157.901276
32.954601
13.385152
103.564301
19.206520
70.042038
266.016846
171.271500
48.059040
114.758080
169.375244
30.715771
97.496040
249.239624
25.443316
40.909508
4.967558
149.227783
28.111362
67.930222
322.074371
0.000000
16.285498
24.844593
268.318787
11.634306
170.325897
117.959579
22.038429
132.142609
63.248894
232.165802
1.686252
10.216427
91.956017
233.966537
52.046001
4.502600
9.865602
71.369232
2.234496
94.758148
304.154449
44.236389
36.906960
3.774339
289.134430
4.784411
146.787048
1.704323
64.613701
17.434759
18.767635
33.007870
2.091573
20.796299
4.965231
70.429611
90.978951
252.420197
113.780594
26.503498
341.106506
51.870193
3.826718
69.802979
47.873520
23.777870
381.472656
166.682327
25.818146
29.721361
56.787045
4.704016
4.749648
272.655701
91.007721
4.786263
274.335144
97.801048
161.697586
44.235039
1.150720
64.722885
234.842636
54.615276
1.989974
238.197418
101.137741
39.119102
3.370563
44.515015
65.635712
98.425362
102.637741
249.321854
67.243393
280.166901
79.471741
499.884888
284.120148
29.119600
274.959625
0.000000
36.074833
4.709535
0.663167
143.644012
127.077118
205.316528
43.726151
106.464874
89.108864
2.522866
18.300014
2.234429
138.928772
28.959845
26.436844
76.209778
3.697822
413.991821
45.805943
35.505474
64.963287
113.455673
70.080093
111.833900
268.744965
15.548113
16.164434
140.399216
51.859730
1.650860
178.298431
111.702911
88.604729
101.736000
11.137658
109.395897
5.006516
213.166672
35.331657
196.918274
97.235954
140.568558
3.890434
0.000000
4.571539
54.531509
214.838165
492.921143
20.641331
1090.557495
187.460464
15.306934
2053.109619
41.492493
77.137825
196.054657
219.980743
95.504082
30.115118
2.968569
34.741127
63.575912
66.582550
3.132902
5.111662
185.357056
13.182570
202.336884
8.772946
118.939369
5.564128
93.551735
196.469177
3.800213
31.731480
58.818459
68.050194
74.081230
133.669861
174.620834
12.644143
0.000000
94.649445
114.935349
188.312241
253.067993
60.259735
7.974434
2.983843
40.322235
5.476445
79.702110
190.382019
157.876343
30.968582
30.162960
36.438175
249.909698
135.770584
7.362992
194.150269
47.043510
59.397480
10.078242
65.122383
149.810715
196.008804
134.970306
49.583683
313.824127
10.053442
534.940063
125.509300
162.792572
174.999847
125.705505
70.930992
35.332863
26.924774
18.534275
89.891930
60.058834
0.621393
65.979057
152.891556
62.479092
57.493820
64.860016
10.435750
16.881308
1.556077
187.132843
33.305241
130.353287
257.455048
70.243202
113.947098
63.863747
846.142944
21.606586
93.909622
107.681358
1.319737
146.053726
204.758087
1.043056
180.460220
67.793755
117.730125
0.675034
78.345955
29.621704
5.276168
30.717291
7.585484
65.330490
64.433548
36.144978
3.407163
0.291655
42.678997
56.303394
12.760502
9.546275
15.274775
13.782605
15.885321
138.042175
115.870720
13.919494
5.596679
124.574005
159.023895
70.668602
39.105522
206.041565
165.571335
265.107788
4.279139
27.462645
16.223240
41.386059
9.922160
45.852592
2.197827
10.750265
93.040092
252.129990
181.735321
143.182632
94.886360
166.743576
11.599340
37.364731
2.361497
2.486228
199.637024
133.917709
31.602528
3.472850
3.216532
14.889183
25.570736
68.970825
106.403305
88.251984
78.064133
1.590193
35.675953
5.440262
5.068800
90.241707
131.536301
68.194069
138.702225
10.844685
282.230286
236.890472
26.049278
7.910442
61.236130
23.761747
21.810188
40.178726
13.742973
5.374694
38.502132
105.302605
4.353461
6.560446
2.525495
45.924908
41.314884
3.583977
152.964157
205.934082
273.994934
27.812761
68.720772
18.980288
1.240784
5.251444
73.367119
31.082443
46.897984
4.460839
74.833191
9.200831
47.552151
85.780487
2.273832
131.713242
119.194489
69.960480
12.986699
16.634884
57.398727
14.403193
420.052277
4.143059
113.210670
138.740601
20.529327
68.244232
35.448170
13.506690
0.000000
96.902115
207.374878
215.076859
7.789386
185.482300
299.905609
145.417145
42.192505
162.806564
89.957527
64.430923
60.991631
5.493169
50.059639
33.769020
108.770248
9.393901
3.467505
14.590662
270.620117
64.893684
321.022522
172.845810
128.150589
144.714035
533.707886
5.210207
0.033759
79.056709
82.916595
73.077927
8.226744
4.290116
4.274233
132.034790
230.019699
418.226624
352.293488
1.814249
183.004654
50.504688
65.386688
32.747990
2005.638306
2.583818
405.124207
175.501999
74.790894
29.165350
21.858227
198.083252
13.959686
786.088867
10.152070
3.071653
50.165211
67.781326
62.016727
45.486496
83.127777
52.044064
3.417004
7.691882
46.696575
49.451122
113.940849
4.437375
160.498917
4.875681
287.370911
228.254456
26.723810
2.942387
65.517235
52.595039
56.157124
0.000000
98.583931
9.035909
3.550885
48.429939
84.650612
46.071419
0.468742
5.344477
57.914627
263.094818
20.749081
4.599355
27.680799
9.906126
356.170715
201.541260
23.634380
37.704987
240.480972
39.263298
132.750168
3.594785
261.812347
33.010086
69.286697
94.913383
111.844559
88.587723
9.780130
115.703430
0.006300
37.362755
169.971710
806.511169
0.512997
28.969576
296.681885
147.196060
78.435974
71.479912
45.455009
5.907808
508.134277
1674.696289
4.283320
244.299057
204.782425
6.560446
231.167191
267.442719
21.366758
246.423569
6.671475
48.953342
0.656659
76.023643
212.268860
8.108691
42.776791
42.155880
76.733345
165.986145
136.858856
0.176412
82.248665
19.233198
153.926468
9.440994
3.595743
8.675679
0.000000
6.180657
22.133066
80.033577
68.595047
19.673830
57.733734
21.285818
6.433522
0.378046
0.000000
2.462816
101.345276
39.069832
0.295683
160.205154
17.067505
30.467749
2.709887
1.421085
2.819334
0.025746
2.361497
330.250397
110.588127
134.624252
210.074463
170.854538
11.237406
236.698837
92.109596
199.527802
3.978158
4.543719
48.971188
187.294464
86.469452
102.328644
79.406380
21.761740
24.079868
234.723907
28.406446
8.195209
128.203751
3.978158
32.297241
154.627121
1.362505
150.589951
2.604614
214.932877
149.920792
24.893873
173.312149
16.662745
137.623245
16.550602
32.627594
52.391655
271.797913
13.890212
2.631345
15.525190
3.292311
48.179405
195.748947
444.352448
95.883774
0.364581
101.396584
29.291834
18.376528
17.922022
43.659798
211.827347
172.717789
268.655457
215.250229
1.312781
134.773544
66.737770
171.698196
142.351013
550.245667
4.844987
3.561361
218.653168
5.278237
134.440918
143.672974
181.797287
9.025785
53.489201
36.956100
43.225567
19.570095
32.083389
153.651245
2.604614
0.000000
20.547937
5.080748
225.305420
4.340070
112.007820
3.594344
53.676048
6.128432
36.956970
11.324989
4.940163
3.206152
137.816208
14.240620
201.051620
40.989559
26.434189
37.860298
0.434162
78.490044
138.247986
10.142021
28.629538
316.144470
294.955170
106.046318
10.678863
21.408585
29.915768
37.891869
3.886308
29.131956
86.282967
5.603013
29.978735
246.060104
4.855386
0.498973
35.058002
68.973022
41.528484
480.305969
20.031343
181.572021
50.900475
65.689972
82.869713
43.723347
6.822539
56.348743
54.469292
134.793869
320.339478
125.116356
7.767059
8.444564
31.834579
15.713408
123.188698
1.311535
95.137794
244.011139
184.778305
278.124939
2.239364
63.968185
71.893196
6.378840
118.213638
168.670883
119.438080
143.141113
154.867157
840.283447
87.187187
228.598633
166.620285
146.294724
90.347061
6.018982
7.179291
25.874369
59.483421
166.135040
203.393463
10.025427
61.994316
40.446972
0.749297
78.403328
6.173047
145.060959
14.021649
308.457214
10.783613
7.890582
33.740765
35.940773
40.435825
51.408386
127.924652
190.400269
217.801300
116.483994
9.234000
170.951096
38.890156
215.943359
41.952686
40.855717
12.922229
1.669100
3.916247
217.608902
101.072250
281.142212
125.046799
218.579025
164.798477
199.422073
210.290070
80.614120
7.534330
16.062654
77.370331
28.716478
11.534984
14.135098
49.033669
11.544383
35.146873
180.667664
228.926437
91.630005
11.074258
1.384886
66.127739
291.495331
248.955688
28.891451
14.110260
131.380737
6.063694
152.732697
174.404572
15.301672
161.026276
391.215057
179.942062
98.160599
4.448487
127.657623
211.421188
171.881927
8.092344
8.641396
8.509363
19.470997
39.137211
1.309371
1.685013
150.610413
10.817938
31.100670
220.694321
214.410858
184.316376
8.477880
98.900589
73.855667
22.009726
0.068865
12.140488
303.480621
2.108804
6.814995
87.482544
156.241852
195.340988
80.746002
7.841645
55.896458
18.722719
30.362499
71.027473
99.870567
1.717550
90.400085
0.507018
178.040756
33.843067
96.378563
1.660509
222.256088
164.973999
27.937672
13.092349
76.514038
70.999352
83.132149
115.175850
61.139664
189.570816
547.730103
908.940979
746.090698
23.869030
42.626015
7.045430
1045.839355
0.863044
78.713120
1.964253
69.461594
19.999847
133.353592
90.455887
2.829178
87.017929
68.887497
186.397583
2.962174
23.711004
323.430267
550.394958
238.174835
92.732399
142.547058
22.016523
268.569336
0.000000
84.269760
22.074589
59.060314
172.957932
234.817566
17.623957
28.308769
41.233013
369.385925
277.998383
4.928218
6.493192
67.051086
117.114342
4.028220
33.902348
140.930496
82.668434
12.307863
119.397545
74.330536
174.926758
63.573784
4.262524
8.410650
66.447823
9.007384
185.268295
136.683594
119.870728
39.097118
3.681831
123.284187
9.565692
72.785538
0.000000
92.292915
55.389278
49.054821
224.253372
3.875477
4.767222
116.013412
176.284515
69.160660
25.354948
124.331192
35.630287
272.719910
14.056709
141.105759
6.710992
187.405029
2.709369
123.013649
161.162781
483.966187
226.048843
17.988420
163.718750
112.402092
254.614182
161.500351
297.243378
3.697271
30.345337
81.276398
171.866425
7.299923
27.548141
0.057591
131.551407
63.017395
0.871321
12.343443
75.046104
6.428586
1.160110
123.004784
143.703812
250.249710
20.781721
9.274932
39.723186
10.779296
1.135307
118.422447
46.031906
19.544685
163.756927
9.905305
21.090099
250.385117
22.567963
14.029573
73.327835
21.538702
127.386078
24.258722
26.185698
117.465576
78.363739
291.986115
7.935107
7.766407
1.339443
556.524475
1.854427
170.966187
186.833450
0.311735
2.688461
155.626282
11.698767
24.729378
114.977814
112.852234
250.069946
0.000000
39.462517
2.829094
10.381871
158.345078
88.550354
0.267256
156.618607
31.719627
160.325348
268.218140
198.977600
0.662734
292.327911
256.788696
39.444847
3.978158
0.007869
42.355186
22.353600
62.943295
104.830070
7.573198
2.737867
23.239262
114.347641
212.737671
8.494255
57.431988
32.116840
95.694504
449.998932
207.565842
101.095085
123.145416
170.447983
24.129955
5.289140
111.909149
216.229156
6.381547
11.897577
21.635010
6.576924
4.970511
470.039551
54.991447
10.960842
85.717072
12.285307
88.861671
273.301605
193.937103
17.666330
26.610273
1.666898
1.995227
305.315186
25.904024
206.665359
7.505678
106.592857
679.677368
16.092520
105.114006
218.242767
101.253281
292.524353
3.008859
224.901550
386.817383
10.524179
327.510559
222.500427
73.611237
5.457260
30.972439
16.389311
310.544403
202.987946
0.631945
6.209010
35.101509
209.956940
263.081604
18.533455
6.560446
178.773727
166.962814
89.031982
3.561432
244.202927
5.273091
118.136299
59.128342
26.474129
10.324636
104.841980
124.115219
0.000000
316.509613
0.197834
63.899391
0.000000
2.608934
1.108348
116.452736
19.610310
358.852600
30.335026
172.451096
13.850094
24.803915
8.232239
0.085780
3.959840
51.385239
45.888195
101.072060
80.102425
93.816895
43.180923
6.828099
695.333923
0.000000
14.491074
114.554527
20.956976
228.685364
73.132484
167.261490
14.811740
103.227692
201.589172
4.708361
89.505890
28.296299
505.326599
224.050781
51.195118
107.287491
29.800026
67.971550
0.000000
17.508690
85.498322
331.270111
129.724579
73.672813
180.055298
7.831536
211.183487
180.021027
71.331314
187.230560
424.476532
7.345693
17.237276
3.245064
130.032501
112.416588
2.172364
40.198151
3.454003
105.081329
204.337524
73.986313
41.756065
6.446107
56.670605
3.293850
47.227730
21.806952
168.431244
51.386101
31.486912
575.980286
199.445023
205.389038
2.978784
362.800446
54.775257
228.725662
316.627258
2.454713
3.968262
0.327952
124.524918
193.840363
44.570457
38.765789
32.869820
3.352657
166.288437
32.024899
43.361637
27.607124
189.232803
146.212570
37.812069
201.956787
57.804913
142.303452
252.073257
185.207199
7.381705
6.305313
77.674812
4.111589
60.592884
19.625301
35.439976
501.408142
8.841998
38.643364
81.993057
61.237373
16.257223
24.986525
274.484192
198.870453
105.886772
170.325653
29.379566
9.471636
6.888745
0.625612
3.246154
27.981688
76.625153
250.389923
9.886231
4.864605
239.876740
222.194031
101.262009
20.303173
0.173021
101.683006
505.030457
17.467470
269.599609
5.039592
15.141987
31.502270
26.636631
4.747257
33.711662
11.468869
574.411194
78.537933
11.562991
202.995728
141.957825
298.778961
9.275958
13.631601
144.943085
28.413906
12.890681
89.542580
174.329742
118.217621
22.310064
156.600647
118.289207
11.751593
96.105690
117.382904
6.015545
0.122465
3.301200
48.140854
216.822983
238.014297
128.224945
29.051014
7.472370
46.599239
59.390079
234.027710
320.791199
90.751732
126.429436
19.895231
61.693542
28.525066
1.288094
99.841904
229.814011
29.139700
209.997589
2.197827
2.873890
29.582466
66.202774
8.845519
44.003159
80.135963
53.325771
71.946152
1.402123
74.761086
111.053398
48.348820
162.596741
0.591705
98.701187
185.616974
3.665955
20.565498
7.037412
37.364574
42.088169
76.416306
10.002235
149.069977
27.253370
21.964296
173.946335
12.692908
3.409609
301.498901
169.771759
106.848145
47.369205
0.000000
180.779266
290.064209
6.475279
6.849539
78.968651
168.655762
198.924683
44.130711
262.500610
64.893471
665.400085
74.899719
84.667397
209.046036
150.776123
3.083107
3.627667
285.025421
30.101702
89.749794
223.279236
127.408554
8.596835
110.131355
121.567329
5.432106
27.927670
41.088970
0.366643
48.370640
208.398621
70.680328
0.154666
174.040451
20.171005
51.383865
24.252310
65.155464
19.116045
547.427429
120.461143
109.429855
1098.960815
701.604980
2.367112
113.964035
1.279682
63.359833
134.308578
67.944359
23.764658
66.170258
18.895063
320.832642
43.021557
198.763931
7.955453
118.708305
1.227160
3.402813
116.718056
48.672112
140.505447
201.570236
267.691528
55.762699
206.268768
148.029068
1.084957
24.120083
63.401093
47.736343
1.408481
5.096255
4.453856
159.098526
0.333381
3.524829
165.173492
40.601898
315.424866
105.524193
67.193726
32.983192
206.680420
3.978512
62.878170
871.258850
33.971733
197.137726
70.120338
826.541809
4.547295
101.045876
79.444733
56.309460
174.422318
116.800095
14.861606
15.438084
138.828247
231.554443
120.390450
49.758335
110.276970
110.710526
0.822386
9.164033
12.114575
293.782776
30.584621
210.967194
35.567101
157.126221
285.118591
28.643557
0.997247
168.016083
182.341660
7.500699
25.654087
162.426926
189.664795
2.961751
188.073166
6.235322
5.021079
73.292046
375.887878
88.286591
57.205208
16.342798
4.633073
74.439201
4.668186
33.731110
10.720671
134.486771
24.870770
7.979857
33.010612
60.928581
6.709320
161.529633
0.000000
54.415123
40.761669
96.997955
8.507531
210.744034
332.429840
267.071259
252.605881
8.615920
229.929169
135.976166
70.288643
131.305130
506.543213
9.576454
80.724876
206.392151
274.485107
37.493645
204.469833
10.941564
36.389801
5.597606
1.386692
303.924347
24.530392
6.995730
219.680542
67.375114
1.678700
68.472633
394.743896
49.365059
89.974274
126.608696
144.748581
3.458124
3.858605
0.000000
59.294983
234.232437
24.529236
3.077326
1.203026
63.819534
952.166748
101.484314
242.064804
276.364319
276.124237
89.253349
125.337372
4.827703
188.157303
2.287793
4.383443
3.075231
0.724832
61.965065
14.277021
362.298767
133.768600
18.419794
262.257599
3.761658
7.937244
0.542742
59.918224
78.054970
21.977232
210.401825
216.906616
146.155441
27.311758
162.545578
0.000000
3.447977
56.008560
161.704025
55.342159
3.827333
43.177650
4.751503
54.649204
12.900534
61.845440
81.495445
83.750656
45.281258
173.170914
116.238991
59.850143
68.499275
26.061613
107.828171
82.092644
7.786989
32.110706
252.145187
5.632089
48.611233
76.173676
30.156927
8.125367
165.652451
98.052658
114.509460
139.407120
577.600830
10.524033
183.860962
93.604095
9.775228
72.407089
53.799061
77.526245
61.928204
38.429810
93.211990
42.005405
114.887596
13.238562
57.244884
58.747108
28.855946
202.990280
23.792223
18.219318
4.073931
49.168396
63.024574
4.835773
2.779926
362.198303
1.618780
390.481140
18.523161
240.253540
23.840805
3.764628
38.309872
64.345680
24.673952
180.760193
50.217606
227.795242
42.842312
45.245838
25.384020
27.293789
178.532669
5.082712
26.728947
68.345612
27.514231
118.079613
46.662994
0.000000
4.025242
60.157497
832.940002
10.353923
27.341143
0.825192
357.754730
34.796566
11.360573
59.266869
2.739105
3.704950
4.734338
38.828434
54.578133
17.775751
35.428249
1.676016
2.427367
55.094570
35.056995
28.699598
23.556658
51.345436
20.934408
89.586029
338.989960
0.689709
404.276093
22.340313
197.755264
26.523760
0.810947
3.300927
111.426277
5.437258
25.117802
60.799198
5.561872
11.622266
8.316024
509.800964
255.580872
5.844202
1.648829
3.433414
33.391792
136.123276
124.656487
133.823746
1090.034546
378.794220
190.640625
26.409731
4.680134
9.428178
22.775471
436.515411
0.000000
143.406738
175.480789
18.953949
19.647881
20.008896
7.530210
3.993915
50.458954
25.999886
8.814105
91.703529
56.359821
1693.039551
27.210722
165.335693
39.623363
28.603828
2.811795
20.010513
287.865234
2.381266
118.948975
2.613461
1.232509
3.179279
78.883736
26.292048
0.608904
4.797996
164.775238
39.563038
43.102005
4.240942
4.226702
0.606385
43.301773
9.864809
5.228494
534.665894
283.708099
158.314072
70.750259
4.596707
116.796448
187.928436
105.131012
2.456420
154.221146
6.465241
154.616150
172.580582
0.135178
3.548206
17.019938
21.646927
236.050385
66.994095
192.143326
4.015491
7.860580
4.749960
118.291771
279.612915
53.468224
31.884743
401.480743
75.651535
10.347420
160.874924
44.856171
139.839828
1.504666
0.796552
64.664185
240.637390
72.528442
205.827744
3.292827
196.080399
98.464478
301.953461
321.086243
219.876984
74.509521
43.231495
204.833954
23.883883
17.193556
65.880318
133.459656
24.760794
201.019821
80.697487
121.270676
200.738632
400.790436
19.650923
200.434692
301.436737
207.622940
3.831511
34.487450
351.297913
74.876991
4.776905
8.763983
184.829788
22.337608
82.770706
268.675903
122.937157
48.426277
93.120346
56.690681
202.826736
35.147018
184.104065
5.927572
33.518677
1.730327
2.337329
1.302618
50.784550
33.801655
71.176033
51.889534
56.468616
106.186371
182.776138
0.000000
25.826458
46.253826
67.967865
95.313896
144.768661
1.676016
32.073578
79.931824
11.272827
3.461277
43.683506
165.987823
7.625834
130.323853
15.930752
0.000000
420.364624
157.932266
624.431763
75.437065
585.068115
82.053032
97.194229
37.784779
3.311874
56.459850
50.017609
82.294250
178.332458
83.774101
68.686272
53.224628
101.148209
174.489822
4356.982910
14.553810
8.067769
4.635656
57.434746
68.959877
151.972794
17.067461
62.439362
338.100922
320.766510
35.469734
302.467438
37.614445
21.658064
76.083122
6.452643
19.834383
33.843884
38.797413
38.102982
167.905472
78.496605
126.956978
18.130173
88.655029
43.023602
154.882172
5.040733
52.200176
169.822418
0.906888
33.935432
8.675679
60.620438
46.026760
1.034083
85.009911
48.035992
201.282883
2.113019
11.220145
62.390133
61.536373
2.776037
38.828442
6.648920
71.916588
61.661831
178.024368
260.793335
3.870678
27.173445
12.336574
42.389488
3.409893
58.073338
277.482025
80.344177
2.517915
2.907068
98.079254
183.860703
63.507713
4.388844
58.711479
32.054005
11.457607
238.785187
221.289536
1.506126
40.221710
213.998016
192.805527
212.852158
112.823738
35.089325
342.640076
282.104156
4.271416
128.458572
39.370049
3.142203
57.356167
231.232193
52.949184
7.741710
85.627678
4.951987
115.885376
0.342331
475.545868
85.092880
0.141990
24.429089
97.556458
61.147045
0.000000
25.366877
249.647217
72.395538
268.504547
4.771990
59.923683
30.031647
209.061066
243.812958
59.253853
39.952568
97.054794
98.105103
6.219995
295.749329
338.292267
105.971413
3.377345
23.249569
1.710059
36.023247
19.435808
27.454618
0.810947
82.079491
3.858520
13.923834
63.979652
242.726227
14.137585
53.432587
56.722382
16.824591
93.266815
65.422501
4.894650
112.778481
175.804657
229.207932
10.336000
266.526001
3.976492
269.688416
49.515190
2.311081
12.682691
184.670441
189.850723
540.957153
138.537247
0.830970
178.502716
492.513397
22.090780
364.033844
9.631039
123.246742
18.557673
84.934525
9.114146
133.283447
0.085780
1.561934
54.573895
2.851204
305.249634
26.194799
198.097397
293.062012
141.574295
5.172225
111.472069
78.689934
53.538692
892.724243
36.562828
47.425446
5.227593
225.721695
37.592495
42.674477
51.830978
371.942017
76.037857
95.892418
14.303466
151.149597
211.973541
141.429214
1.100476
44.533020
282.087006
196.626678
77.926003
135.392258
18.563194
25.224136
31.127434
55.733475
10.543779
5.002429
14.065374
143.888779
2.828722
26.660738
100.858467
97.945503
48.085106
126.622444
14.849989
135.792175
22.455999
568.104858
93.764282
186.034698
46.832081
12.683095
4.932690
35.138386
2.105257
13.196377
0.500441
104.462128
15.735971
70.099007
72.839531
136.153351
207.515228
175.790329
78.045921
30.970716
26.582212
36.236698
51.894123
259.776306
50.838112
119.003326
88.606262
153.488052
267.919067
935.168884
153.434586
9.419131
8.292585
232.762390
230.426102
127.972000
2.877681
0.303248
96.632561
394.537689
3.277032
45.831059
207.937134
30.459091
45.472355
185.359985
45.157673
9.245445
854746.750000
476.943146
148.835022
125.438019
23.899651
113.500877
1.458560
12.158477
54.126587
137.236832
44.206749
3.898499
232.878784
184.972946
265.643799
9.774341
5.779310
290.570007
257.513367
45.906429
76.525497
96.126343
758.000427
84.308678
12.203278
79.639870
1.736416
163.681595
66.511887
4.639974
213.407715
1.307279
28.433865
3.342426
74.868561
129.096573
220.610611
0.963258
98.010162
82.486305
64.726494
135.611343
34.326382
172.117035
148.850739
201.812637
249.260635
2.473081
3.934793
101.912804
61.865223
172.651123
15.221409
15.327074
212.272919
2.685035
126.909698
65.293022
16.344902
60.124058
226.042130
17.816978
819.257324
31.034092
33.825825
14.684249
34.720901
238.926788
14.302623
17.656960
0.637128
266.722137
14.203344
166.402634
4.089393
2.562417
42.309792
43.042572
41.379562
8.608651
30.746153
28.891729
44.844486
5.908779
169.681717
29.538378
61.132435
52.791695
325.666870
136.543686
181.180679
30.647871
67.022926
214.692062
21.812777
11.724373
0.698564
164.661530
5.050709
97.730217
5.305956
246.197617
59.383343
111.341713
27.802460
186.069489
51.520527
24.479118
413.917603
73.044868
324.217102
35.420486
188.646179
126.093681
159.916779
284.072449
159.875885
5.637159
170.222260
101.566048
74.003693
250.438599
94.259605
114.205002
44.532814
145.944443
1.621356
3.612615
25.263956
147.294815
8.743485
114.478569
79.943947
230.739609
48.580429
5.339657
3.758339
196.543213
39.203728
111.117592
37.481163
104.692802
33.466507
176.858582
13.771877
79.354027
5.015325
0.000000
2.232512
45.120811
27.174870
59.484344
0.390185
224.684708
40.871487
177.813553
5.298719
93.557640
49.733376
33.935734
542.086914
7.457305
168.813904
646.818420
55.497177
7.160198
73.540756
4.475363
156.509598
7.381643
67.224915
102.869522
503.998749
145.611084
3.661706
19.480062
19.020706
70.242935
46.674007
60.405087
52.855755
53.604061
8.090643
2.349504
7.191422
47.706291
35.438534
310.312286
161.318115
187.866104
52.370682
7.647415
31.609661
59.152260
5.269708
2.415074
169.967712
87.940826
427.154053
7.922153
0.000000
63.003815
218.518097
6.822539
24.415239
86.333923
23.531080
1.627863
297.414215
211.780258
298.513489
407.029175
65.701904
9.574356
86.661484
4.127492
508.111206
43.368809
157.580338
68.880363
40.695229
21.965385
8.164993
145.766647
49.069408
103.811302
5.361237
41.655846
2.381647
16.845163
27.270216
36.491241
6.976087
27.220194
45.155010
246.594345
248.667419
127.433899
48.686138
31.754921
22.980343
186.551071
60.460510
4.763017
4.950993
10.558594
4.757967
177.832993
117.400238
1.402661
120.888573
35.003399
21.432693
47.599472
12.270875
38.722637
74.947105
221.353241
46.616447
46.256168
5.078647
163.569183
0.000000
61.223930
139.003387
25.948912
62.458633
3.747600
95.284050
56.620495
39.737122
15.033134
77.688957
36.681633
138.105240
53.417820
52.244270
48.330551
3.758339
195.836685
95.728722
206.658936
29.615828
12.910769
228.685577
43.403118
0.000000
42.492802
154.504807
555.039551
284.223511
75.425407
32.871574
12.633445
94.417259
144.718063
147.474457
4.823999
203.526352
127.071121
47.337364
13.990605
48.351292
53.191143
10.999396
177.009521
91.962975
12.701873
6.136496
169.880661
150.550278
147.581467
1.189526
6.220233
0.746532
1.923702
144.479385
180.929367
115.268791
58.699493
572.889587
150.937454
115.307991
16.821663
91.972946
80.793144
215.247147
100.495956
187.729446
33.280426
265.843231
55.730389
4.908321
8.264871
4.639627
0.378046
4.769610
165.239029
2.389479
0.000000
188.185181
3.934793
285.589935
3.787402
11.428819
