77.668939
31.661631
55.849424
2.659420
228.215741
76.783803
82.199483
39.386871
89.996613
13.628030
562.568808
1.990898
134.811578
257.902194
369.883725
9.746186
13.476289
87.714649
40.954983
182.331861
99.692694
512.467257
157.542116
53.406843
3.446659
2.490976
4.955984
31.591668
3.967756
113.112879
45.133590
12.459978
298.758102
85.039720
9.353381
117.675484
279.066801
90.508284
272.220616
12.325160
2.625143
47.614855
15.091036
239.697191
2.022271
3.767010
2.379035
4.107113
5.613612
2.568943
78.952413
25.615929
4.608879
20.970172
229.763685
18.191368
8.061622
4.212936
55.075356
52.706992
36.506890
129.159820
29.751240
347.215837
46.515886
142.783759
157.114510
41.431482
7.649820
2.294390
83.703824
112.464188
2.357898
189.360505
36.533536
106.380684
6.211894
43.518765
155.511036
45.136735
11.080696
189.375750
7.797636
5.882458
16.518251
96.736117
252.141974
56.176412
115.022589
39.413093
3.588143
72.580289
64.325194
223.089789
2.900492
97.337781
8.036032
12.030581
6.570585
152.568391
6.573817
59.327517
14.649350
128.941521
249.194029
196.893485
402.819831
248.507239
41.067667
17.122139
29.129140
495.464863
6.742433
9.198530
68.475280
22.287371
84.720354
2.456476
14.616707
6.960272
225.021325
231.781321
2.430210
38.610225
194.244957
7.813741
4.095240
153.251428
216.389412
12.698095
91.142297
25.859559
5.980461
11.713594
245.003049
122.266691
18.230953
144.537534
74.231072
2.284322
177.102586
10.449474
121.979723
16.819300
3.621827
60.329464
210.201510
186.769300
37.290735
2.568943
165.684079
24.064482
177.769459
40.947264
4.342859
66.410321
1.971462
58.969060
127.345165
91.071889
47.042894
194.822923
19.781054
200.923830
20.757742
116.543925
2.477393
175.223532
16.674433
96.030906
178.947043
312.358082
39.891426
11.407285
30.942201
76.110545
2.076191
204.642534
31.635548
232.920012
58.303147
6.526454
207.449753
132.473170
195.112932
158.870833
344.818302
105.099451
196.705512
455.311743
152.399701
2.032836
8.895373
33.663609
170.639787
9.063210
37.687164
107.411505
7.617672
264.898517
268.478509
38.415075
35.577425
105.985993
2.438755
214.139544
90.147222
5.697255
2.170695
43.051410
24.121968
53.261072
40.534705
60.550152
16.283844
144.095183
20.143068
400.332187
9.079931
73.491452
102.083194
119.154981
2.778203
58.549988
40.139164
216.550623
38.198873
6.456619
160.745450
2.912477
13.846638
49.172342
472.414922
130.188573
153.512055
34.482041
114.408834
37.581042
29.218124
12.957971
8.656414
226.463885
2.475117
37.001806
13.738564
273.685554
80.713954
14.757587
12.563730
540.266440
6.805644
41.958136
5.072455
33.448262
3.137596
44.396419
163.098221
6.860245
180.163535
44.843829
131.085756
42.575438
230.097603
587.385823
6.376403
5.598192
6.286256
8.988709
4.600601
5.254321
80.087044
18.206704
19.363099
117.392000
3.098183
4.685299
44.018410
4.875695
269.468288
58.382477
7.891059
95.572892
61.211852
2.241802
23.273169
6.405857
20.075406
202.320237
154.651173
9.462941
142.628164
2.289792
24.706939
152.786302
217.292338
79.249179
14.571685
56.710522
2.513842
88.693830
6.175859
156.366845
2.122890
5.727668
98.031048
333.973641
171.617919
9.289607
471.012883
33.328605
43.976946
9.882867
83.883017
20.444325
5.238639
208.688710
50.295733
3.411115
2.480857
254.344705
280.945044
385.248684
161.497401
87.289487
275.587697
2.526604
102.674100
29.906194
268.249631
3.386601
99.667466
24.140079
86.923727
224.388062
40.562693
8.754762
3.324441
87.935644
25.017982
3.271366
76.077072
2.185379
31.891490
99.868322
19.066111
29.390717
133.108021
16.539280
31.692112
104.542924
228.255206
2.568943
3.482660
651.576985
44.880480
3.637573
4.477807
12.129996
39.331861
106.956592
58.367223
3.967116
23.288987
100.533153
4.640928
12.126792
245.186029
13.130724
88.866731
40.495350
11.969705
11.756573
2.024007
31.081208
63.258550
161.379840
137.965455
137.739629
6.421259
101.966557
43.459892
6.175052
3.691446
49.277309
115.111259
13.318365
439.881843
111.387217
4.971060
192.829457
10.204788
5.179146
175.717200
74.260250
24.340356
321.972352
119.291876
17.307331
72.027459
16.776315
4.116521
4.072107
132.953730
491.795093
114.998923
109.682078
96.416690
250.617976
20.990032
521.248761
3.135686
515.766475
2.223770
139.819907
18.386661
265.403303
12.285593
41.209537
105.856674
4.367728
13.130174
17.106670
163.702629
6.914651
29.308807
3.762856
10.103490
58.105703
65.826549
196.652568
155.519612
7.158562
2.215751
58.700970
4.008114
61.999144
155.248110
3.158198
45.542448
28.675805
26.361814
88.605037
9.252278
213.522607
516.132330
11.888946
22.095883
51.578378
11.989469
91.002618
3.079998
5.490080
138.954164
168.655150
37.343976
6.818988
16.379141
22.265607
1.499025
9.934937
233.335114
214.187612
4.836843
72.040999
89.286339
3.325996
160.013837
19.926377
80.031151
6.989039
32.494021
189.832491
525.132956
154.770454
53.732867
29.469559
95.422138
6.135323
129.045923
11.157204
2.224212
5.728906
3.093362
55.401757
6.600290
448.323261
111.649098
8.011963
9.552614
146.771134
74.158442
284.375075
413.664869
4.755467
292.011108
286.158411
1.791030
136.665605
7.080495
38.923655
236.189670
704.164386
2.498536
5.074619
10.267393
490.389553
118.511725
2.330052
4.902932
154.982922
2.148990
31.506015
5.897851
34.313045
2.482835
232.327132
126.337714
38.610002
53.085611
2.296620
48.437065
1.967816
2.370105
40.547138
172.447159
3.958523
196.782917
57.553133
48.695106
33.830585
10.165048
35.230675
67.860367
94.321871
17.096585
12.560675
144.629605
77.439376
3.604548
66.672682
15.860885
299.449478
84.190633
4.697995
283.028757
6.982578
21.146774
11.166485
299.049928
24.037587
30.407726
160.507660
239.966716
105.557756
67.863319
471.392825
143.052820
27.642860
18.101838
310.502938
14.056106
3.447889
12.187739
80.376909
5.608835
7.417917
8.549396
19.810463
63.716264
3.317434
127.380291
105.696931
107.415646
110.141339
157.530289
10.979613
384.438794
339.761251
60.196795
12.447343
32.453610
191.964080
155.774466
3.685021
12.534127
303.182979
4.632655
74.785090
44.833089
19.255641
9.859065
191.926195
118.404417
64.679252
95.090250
211.910152
17.038413
26.547178
268.756476
2.378441
30.007542
369.672055
32.030723
59.765041
86.319418
133.288721
334.814063
242.255887
9.383788
25.927859
35.592181
8.611786
63.129882
11.264154
100.138922
150.409749
6.569954
5.096585
15.868105
5.331413
46.553540
8.994225
46.781415
33.442996
7.730182
298.279476
20.520881
99.200776
141.155190
26.471439
126.701819
233.639396
101.246873
320.030095
134.497418
76.732935
271.830011
18.222755
2.444230
8.625922
326.332574
187.899843
89.151967
49.739923
4.701322
7.280891
300.425048
385.352920
161.956614
98.864598
4.589467
256.444242
2.013276
55.486048
5.040251
114.408333
24.501216
7.901934
57.885951
12.792321
455.085248
2.314253
15.474876
11.921478
70.413849
8.335977
4.396720
34.702227
59.132618
12.610536
22.316417
4.688302
61.929102
22.389371
5.135067
57.750557
3.053368
9.664599
152.619737
3.867070
128.803247
6.074543
151.866567
34.071664
5.557219
6.583795
156.276086
57.634584
2.070627
2.666566
2.994894
49.285460
127.355203
16.697921
246.511028
162.653817
267.298959
137.346801
174.734620
97.768845
14.803723
8.589799
90.307373
369.822121
139.473196
6.193807
2.426962
63.195201
80.382984
77.319209
274.661794
70.826793
67.911455
32.794238
2.361566
200.494602
2.943741
33.046557
8.740713
117.382759
51.620494
136.071116
53.986332
107.386051
6.672621
47.735031
198.995860
31.630474
4.391997
7.981217
4.688150
79.927237
95.853638
190.519311
80.243461
269.919699
217.507433
251.890861
4.667958
11.099636
109.617605
2.405653
38.674703
6.807525
29.482275
16.101569
6.701537
189.084756
2.385229
60.062414
44.956365
126.177717
336.598582
308.537029
109.916876
19.258204
4.230557
3.852070
486.883701
12.462441
258.580509
180.039191
33.568135
36.431018
4.378569
11.223140
2.304755
192.162956
2.217528
34.469046
64.561707
3.672927
259.462898
5.942271
79.260160
9.250914
82.913055
9.926043
375.599497
236.966521
8.477206
22.480032
30.386173
19.762119
66.020970
48.899023
105.407438
131.402775
83.200727
3.876569
2.087959
327.647653
59.453240
216.102902
33.411438
80.889798
13.115520
9.830292
219.785063
7.119790
46.524447
35.578200
91.669766
170.202194
3.070218
225.903970
251.999682
10.844541
29.356424
127.343667
270.289103
233.906606
8.639316
4.423762
192.976057
492.371549
83.473758
2.340660
18.621196
47.218946
410.834579
6.450123
9.915124
2.677528
50.733965
24.868937
303.331840
52.331289
8.017510
72.150156
3.119137
138.467149
40.861322
101.757345
160.010145
25.572307
23.341771
7.038146
125.637550
164.403370
3.777860
4.308171
6.136658
75.572900
49.736691
4.095240
313.373385
43.974794
182.785300
7.014494
132.102404
3.525020
3.031537
13.264872
160.192275
43.962695
152.446423
27.384808
154.315141
17.646476
3.457774
135.484459
3.983554
228.297067
171.456520
168.145519
114.938235
2.867476
8.467692
126.225983
286.308559
8.878886
28.088596
5.944541
7.119802
268.481885
4.698967
110.942509
62.017454
11.305339
49.646261
19.781520
64.432644
3.325003
177.698944
193.257655
5.727151
4.547134
15.154111
21.066811
362.882500
45.366396
168.883919
19.886283
9.561355
428.438292
21.324154
119.314670
255.113987
34.694785
5.745057
2.290729
2.638269
120.368835
136.183996
56.078360
2.367653
67.136662
15.111794
33.596251
47.671511
58.168705
58.253029
4.413791
254.915457
118.061070
76.916902
99.991902
389.431118
67.919455
76.015504
179.780451
6.076724
130.116567
245.225769
206.773299
352.326674
4.721741
282.562354
3.753507
191.926189
25.432836
5.800446
159.185648
38.052133
15.026082
100.709021
7.842059
51.974553
187.569107
67.794929
203.482100
35.833051
8.225136
1.877866
5.072255
238.808022
9.172007
9.334882
259.041992
119.091984
88.563491
34.577044
202.415324
3.054108
49.693938
64.440415
69.984195
241.479676
6.850595
3.237638
566.412283
118.424149
8.562314
2.133309
9.710357
274.141834
34.847591
36.106585
208.888276
61.339748
137.034664
336.678505
146.412574
150.192240
48.199025
286.377954
26.460580
26.951614
477.827875
170.044509
79.560411
398.212688
2.094185
32.014603
165.110559
10.580668
5.795847
74.094340
5.450288
235.424711
73.629938
67.828909
2.583545
75.999462
9.048246
63.171058
8.485186
56.273673
3.904010
180.869638
2.945897
4.441159
3.316900
70.578748
2.152888
7.731110
29.533757
68.766803
4.940116
63.686618
97.749286
85.109001
20.225878
123.734072
206.840897
6.293071
2.260020
16.828943
240.458126
85.636527
35.048875
13.977086
20.119643
11.507721
86.616620
176.003443
46.220809
108.740587
60.427147
12.512699
7.023288
177.416046
8.150590
22.984017
6.214190
102.158923
2.498047
331.881985
117.632544
279.602984
61.034922
40.185815
34.443624
197.133428
4.669155
140.900900
8.770717
2.282903
19.375928
29.243280
107.055930
59.084753
218.097642
31.040018
49.394218
6.560262
127.544792
32.045096
5.583813
48.883770
73.022416
203.267631
18.801257
10.124041
2.877223
3.904863
9.588787
5.549031
84.251389
83.397785
10.592689
11.364715
5.577778
19.922147
437.229710
79.635218
6.659035
214.624851
71.643162
29.323027
195.378755
89.709739
19.362678
25.497003
98.981488
555.490186
52.464887
236.605787
74.675002
21.902879
10.297184
12.161771
4.060829
156.710518
59.327342
47.532496
33.825287
42.767672
5.198824
71.131881
39.216174
9.815729
2.314253
8.662228
59.226735
208.731757
55.571241
507.478354
70.956836
17.119963
144.603004
193.192921
25.765026
3.494386
60.268894
2.207855
157.090679
1.975154
9.705911
3.865945
382.405829
28.591375
62.391930
5.483976
116.689408
5.383862
39.244972
65.804498
22.996048
24.064024
121.514057
63.720425
5.572886
57.228031
225.641756
6.452492
178.130318
199.332028
2.055057
63.587198
214.614566
569.298856
23.593406
280.096210
21.314363
12.132751
8.109343
110.457853
4.158753
55.389393
43.788925
327.407931
106.190020
7.608653
74.292585
244.411858
47.384836
213.257212
5.857034
42.498022
326.045723
9.615449
5.495201
110.174424
6.442399
470.583084
42.838420
84.123154
26.102229
70.356831
4.398071
215.067076
57.840296
362.803109
97.949127
144.450559
189.888151
5.432919
268.164694
36.401290
51.225473
116.462492
18.611893
226.420598
5.448850
2.510023
129.145217
11.872627
37.355942
37.542628
74.089611
182.974619
2.218966
41.747779
55.010564
306.394961
11.975991
6.626763
21.487183
36.781649
57.694066
4.483284
8.307719
30.632985
82.402708
22.216441
2.470629
253.215125
6.729138
212.905545
123.708591
22.418795
14.601715
57.818615
14.526938
289.218760
4.633223
13.439223
398.572320
177.461959
10.940896
101.201345
30.478405
8.827648
21.761720
36.854190
397.929702
27.271413
194.325464
121.598031
40.472630
5.929402
133.543048
17.542402
47.373175
20.377753
199.940204
28.607287
40.116208
4.416340
311.752141
243.933355
52.428092
163.929771
3.773357
135.143139
7.287029
81.664828
253.958002
124.946464
430.137662
136.700118
90.923136
2.357538
96.309556
5.603060
52.150851
191.938434
238.134983
36.348576
33.779153
2.790658
2.329542
4.525644
4.002747
191.926397
209.747940
5.463663
52.436434
80.376074
158.578414
445.383669
10.702398
108.775658
79.475428
83.208014
6.035633
126.307272
4.312637
11.034853
5.265192
7.449867
95.049527
4.678499
117.192390
488.149329
31.981841
11.750621
116.370598
31.571400
21.135724
7.313292
3.628108
215.004863
6.051499
114.409991
129.046627
31.492352
54.851297
41.540318
55.513891
4.160303
733.377168
89.765130
215.704067
258.695041
30.910420
21.811733
100.028200
437.451082
106.121700
33.921472
142.618626
6.920109
8.992378
10.967171
89.641018
56.504788
403.918073
245.447939
244.512087
5.919902
223.983723
102.728198
59.448145
7.049155
200.062051
15.775054
22.206334
5.674709
68.079195
161.433017
62.168343
169.133457
46.357208
6.979578
2.592449
41.797045
251.845330
30.105197
226.792565
36.715886
4.848549
6.228868
3.380132
4.017931
54.901108
333.812037
6.642328
9.014657
19.197671
94.597992
4.620757
201.033159
129.977119
100.960786
18.440874
29.359641
21.710213
4.165255
323.718916
9.106633
112.361639
200.941467
11.746490
194.426738
16.588922
295.985188
4.082164
20.311285
3.939000
38.078495
66.081397
19.418844
292.941394
8.262369
2.488111
196.425444
90.905102
4.197705
19.150504
7.593612
138.117119
198.170793
38.120928
8.315172
12.879022
37.593504
73.260390
128.337018
7.758835
33.959367
243.117126
35.395587
336.331446
2.312925
17.160524
53.875227
214.726444
27.214809
155.194784
5.131309
13.850481
2.585735
147.161395
231.346034
3.305624
5.644454
118.257035
2.677272
173.287747
5.441901
100.024853
2.002829
18.026268
22.527770
9.061074
354.917583
138.617532
4.167265
273.255813
213.476903
6.676702
14.891669
178.165538
106.760629
168.325632
77.055257
15.563953
322.283297
140.340058
202.081859
134.082828
186.342910
9.259104
3.729509
182.925623
5.029157
7.675043
215.690683
48.369964
445.035135
6.101959
17.854659
59.669828
74.766708
6.202743
7.536760
9.069699
229.625338
3.883840
25.774408
16.998771
121.987077
19.322727
227.426803
26.151534
266.251740
186.568729
1.753690
153.028371
155.648708
6.895326
4.071966
122.827553
120.712915
148.949057
96.407210
483.197456
13.549429
18.920803
127.744619
242.635786
132.160716
2.659420
36.619966
227.465288
15.187218
82.834284
78.156035
42.097997
3.213716
22.779677
3.960685
1.742339
36.782601
6.816522
70.330280
3.007960
2.335425
10.239903
27.255351
237.205434
56.916398
316.342140
6.996616
2.675907
10.197112
18.373240
21.178809
7.423300
1.891178
227.544818
102.939092
222.944602
316.779002
3.052992
6.477948
12.373191
19.185424
26.677366
685.264838
24.713609
18.852507
24.411143
5.093502
204.262486
101.785717
102.875596
15.875352
16.730047
151.193242
17.018772
359.046066
5.460068
192.347757
4.925012
134.086625
359.461295
31.782640
127.949243
133.538369
408.135379
7.485754
121.124970
265.148647
8.292416
183.119264
138.331728
323.687203
207.669972
57.245971
166.229957
126.080138
154.506770
56.680821
55.995275
344.158769
92.841140
140.394052
154.007823
10.975799
110.055700
499.201651
4.295088
44.607297
3.764539
73.189244
9.918215
4.520149
20.987787
112.627829
4.749633
5.586385
28.731617
603.387671
19.980789
145.843046
170.682284
2.883137
305.081492
56.032099
56.043396
5.047360
422.514839
6.838800
5.850918
96.181326
275.858824
6.471299
88.712136
170.941401
153.954781
35.043234
135.684621
371.964918
11.015400
245.593551
56.671872
181.656890
151.736431
65.894882
6.146973
302.037754
198.429940
28.577738
287.245876
111.894508
182.171631
155.871239
72.039402
53.245308
6.519723
17.611095
30.161112
30.835865
11.988071
354.102535
42.423539
191.883693
187.096925
6.636093
231.908461
59.094749
137.062790
3.402124
157.724284
20.395877
87.087498
135.626297
9.352341
6.334807
76.806864
86.527053
83.382363
133.259689
49.205137
15.470704
135.917887
19.760296
263.464104
218.720069
2.563267
102.256947
4.205065
9.922603
50.114595
2.444280
3.777607
144.301063
129.292992
91.688269
178.438227
2.907819
8.585764
422.719790
14.000423
8.184727
131.422159
338.217888
17.076969
246.216268
279.718204
25.781434
56.072838
21.170065
24.383446
2.280435
11.805699
17.861985
27.079033
7.056365
5.635194
106.704285
199.401336
8.541808
10.178140
169.612899
597.961501
130.521942
57.375654
2.544820
202.191343
348.308099
67.183648
295.057707
20.328681
16.903613
349.633111
7.119790
22.788737
6.260401
32.427647
93.301231
151.244410
5.487924
176.736362
6.523567
44.281928
174.976773
79.621904
130.740972
401.015049
12.083243
88.356490
86.979179
64.395217
75.089798
4.071268
120.773025
30.682063
83.660582
242.551944
3.749951
303.846221
30.948858
240.465034
16.105591
24.377891
65.115150
137.331311
20.496595
27.399912
133.803634
280.824528
43.509478
13.786091
69.339317
8.849266
3.890370
5.727782
48.514748
27.991507
137.179368
19.954979
145.007915
4.625898
143.582766
14.438891
272.455780
6.076468
4.472196
7.205613
13.386833
123.161071
38.428306
98.916812
56.205388
7.413799
40.908559
114.980063
48.361055
143.133852
4.625768
155.354285
21.352248
84.238629
16.561018
3.755040
94.232714
233.403936
449.590676
48.031502
19.947292
149.840613
19.287469
4.526442
93.150244
177.057082
153.721466
105.761105
140.110361
58.538336
80.605440
249.999672
29.458423
12.013541
34.868261
6.007790
307.392459
8.904445
219.658374
99.480762
9.942443
12.628381
4.167551
5.428081
4.089258
27.288994
202.525087
16.924976
7.666443
10.327650
19.238754
214.994372
2.882304
311.297443
5.671218
32.686368
57.652258
24.218975
74.741333
34.713080
6.985620
29.484822
7.744646
3.395602
170.581396
366.069427
2.004816
85.835400
106.817111
222.489058
6.002899
114.368166
121.742299
124.651136
143.141380
6.376731
32.187546
8.349720
143.770708
226.390078
4.087417
54.583870
7.531091
2.845275
12.283921
5.496183
19.063694
16.493045
9.376350
265.655346
94.034004
354.720015
8.808073
38.813108
3.413955
4.613230
412.471974
7.987694
5.841315
4.142218
17.270978
88.631259
92.365888
11.464614
5.925795
8.899617
48.818307
36.035909
12.800367
6.041849
15.359998
109.984017
54.189257
11.398848
3.331470
53.451308
55.563792
5.186289
4.913689
25.262714
2.331277
3.438785
83.132474
155.637479
30.437401
22.046064
4.614307
5.463092
31.315666
5.875941
178.603245
2.893413
54.296213
3.901593
68.647657
9.161657
29.712855
604.415174
37.017371
1.917139
3.236290
8.736038
156.101960
4.203477
4.497077
170.781149
39.351839
6.705906
161.170114
137.313630
16.598976
50.779511
123.308516
2.625684
4.087678
29.176920
104.870181
182.782998
2.223022
34.782715
82.023661
96.763379
197.666205
188.242468
8.750960
131.807010
217.783610
3.041423
137.797386
209.666273
134.616464
65.237549
6.516644
17.614435
264.764820
5.821772
5.072698
37.073820
96.768687
440.818056
17.375644
61.987299
189.209760
4.752337
3.792750
11.953788
83.526423
194.776373
170.579357
148.453164
456.336060
221.435041
64.729975
10.389584
59.707964
287.099499
21.671614
149.250522
58.589817
346.256583
94.093789
91.084901
94.661320
196.345288
38.321973
98.645807
327.068424
52.871657
156.046503
3.548987
1.690717
188.037255
39.648613
121.927467
401.425477
49.286816
8.323793
9.547648
8.677629
481.441499
53.120097
161.187959
185.684820
179.290019
227.671559
2.304755
45.057580
28.347064
8.008666
149.876992
29.963098
7.788751
5.411706
395.345671
233.105253
4.541260
90.555065
84.270518
229.133761
168.040404
385.119404
22.794663
77.906723
119.510382
123.943090
5.125876
93.172018
2.173154
24.741331
356.569939
36.657639
3.883456
31.479690
195.662227
76.858089
31.824713
20.795226
137.149349
41.233215
171.701469
138.763190
2.127049
41.867983
119.513752
163.661329
118.324581
9.439292
17.439986
258.392703
49.132029
20.614083
187.406791
210.277736
145.048636
17.482629
169.683878
85.919540
53.126574
29.592000
104.067035
2.280435
70.530433
4.534567
103.587955
416.981613
4.434431
20.773112
350.472142
19.001645
15.452431
82.798089
14.857067
26.189034
5.150164
15.567220
580.003363
141.827367
85.579125
191.483929
101.934922
63.990486
8.074435
137.247241
140.984326
192.145952
5.811378
323.628626
35.122781
42.711472
638.483419
37.332328
127.072571
30.678169
186.488002
2.329569
422.936488
22.018214
20.175902
3.803180
10.058478
2.372463
254.493081
2.320927
192.582897
239.109271
3.214675
128.242306
182.771110
32.306776
449.689475
7.447361
351.593601
294.302539
437.793318
57.275216
20.929041
4.342140
1.583231
45.509068
105.151991
3.948185
212.718004
5.149689
148.217468
69.749487
211.804461
108.019845
5.304918
24.901040
2.278316
122.074798
67.349626
53.669144
226.336287
16.138584
2.760014
42.635750
54.233538
215.301412
212.381088
186.872933
11.320712
3.364010
41.268049
4.460973
99.641879
2.658400
18.693847
104.411427
10.655946
21.269022
273.091412
43.511093
12.632040
146.560861
3.299097
368.926316
211.132231
147.030832
11.323018
144.645419
6.826718
13.475811
299.161716
57.925613
127.652366
520.469710
6.357430
2.170116
198.624841
23.091594
34.514205
143.853381
20.842447
4.692196
3.918281
122.424222
38.585151
8.256017
279.483877
152.946219
161.477745
50.400237
42.174963
47.010677
80.444518
66.605140
7.161570
12.603638
21.680670
25.208008
553.557740
735.268367
5.391329
62.988985
8.154367
96.011721
40.901363
30.595429
589.138317
5.138828
16.260553
20.116534
11.708048
2.320726
8.510876
7.930005
2.529573
5.426269
21.151351
22.707484
14.110826
114.684176
2.100904
11.625749
29.197931
15.745540
14.877039
74.705974
64.564778
34.537344
3.477333
12.063447
18.470444
272.989571
9.918401
215.015109
95.218191
71.944906
162.488641
108.775669
378.388200
216.797649
33.070855
126.484917
96.154693
230.628418
34.525113
139.557674
1.642520
375.395825
85.586573
24.522811
6.224930
25.112776
29.259114
26.310593
121.320640
7.389550
2.645656
15.843386
1.903732
4.273670
54.025934
5.264377
5.701277
22.995124
65.113012
5.281019
23.488279
122.721144
9.270801
3.748349
2.144993
136.801855
70.646941
81.612522
2.381774
61.535419
73.280654
8.008301
17.926839
13.982899
6.028231
71.026324
198.530980
37.614848
512.172265
8.189041
6.630806
7.953720
523.975394
4.569343
25.088065
125.231252
209.041143
14.274990
2.201020
5.935887
49.083458
515.356075
216.471248
2.000779
4.995439
349.709361
228.629322
5.722515
448.253563
298.558075
71.969135
10.511375
25.277249
165.682063
589.885155
102.986345
12.656280
376.870587
277.547395
112.014062
87.513767
36.681131
175.944259
126.261969
366.104388
158.492542
96.431199
220.200663
30.547995
90.504969
57.141063
58.544883
135.570207
12.444902
198.731002
98.832763
150.329061
2.758934
297.874851
23.837987
368.026278
211.092068
2.295649
2.442918
114.053524
84.950212
25.836792
292.417676
165.834932
192.525971
48.212575
53.132515
99.453612
3.828125
41.048241
68.417376
246.352664
7.719283
165.875467
42.896573
302.490573
2.772116
6.750722
50.644057
189.755536
7.896082
29.250100
2.556067
43.332129
3.301712
172.285343
3.697386
6.212471
20.482238
2.367653
4.440139
107.480578
2.268015
54.329942
26.034212
19.525497
48.085916
28.469163
80.502960
20.071152
48.817424
268.242960
160.332304
57.011067
8.814842
64.541236
121.812730
32.409454
31.599596
1.999237
280.293821
8.528001
248.968846
26.346040
15.701342
17.029149
122.935129
110.945073
19.899125
127.602675
130.109988
10.201235
18.336950
25.670724
24.471617
3.381665
133.423154
4.888458
2.480667
182.156357
124.451850
4.788126
6.253617
47.572214
20.790726
4.460973
17.022581
208.255599
171.275470
162.474573
171.966414
2.122090
240.295363
154.584822
16.793671
195.656060
23.858328
138.771923
8.746177
138.494801
51.362059
3.411115
7.962948
284.905074
102.213116
125.539479
5.349288
11.551000
2.430430
2.502808
62.025485
4.485637
294.241563
3.812550
3.434316
18.202993
83.502925
111.408915
21.481946
5.588226
5.568789
11.519780
111.495529
144.940240
32.817177
191.473043
48.077347
2.915294
188.377575
235.297518
69.390498
7.757587
64.453103
15.378078
9.331238
70.098858
107.211534
50.410309
142.521590
77.506493
46.194540
186.351548
2.107583
27.954326
200.160577
208.373427
145.852698
17.039012
5.407820
7.077765
2.848860
71.650428
13.289105
2.110508
51.031412
34.902445
121.092267
48.766060
3.861192
140.768157
582.867449
23.307462
24.855687
206.172229
17.256823
28.008582
32.343985
210.550451
4.693154
22.702255
20.266144
22.339071
74.342929
14.708409
59.586233
26.568662
9.182879
82.590506
8.650394
18.423728
2.350877
8.439274
68.973303
5.186128
151.435314
6.421259
251.613080
270.953464
23.415228
180.072966
272.995881
252.643794
58.858703
235.581722
239.410903
103.845315
4.467928
59.529794
104.705715
93.414058
62.094511
115.659636
201.678155
9.221231
8.693648
243.116103
70.722548
173.040289
27.133736
5.265192
112.442524
70.550945
202.637396
35.084888
147.038171
249.739508
38.082888
10.985043
2.427492
2.505562
7.395492
268.839504
256.970457
90.658763
94.064066
6.439470
202.632208
189.347382
21.546136
6.162718
119.145064
322.289080
6.627337
251.993701
179.977091
26.133446
162.355674
202.310879
280.337611
7.817653
52.559823
42.216956
353.588646
24.294180
368.464341
2.393239
63.207145
151.545526
5.766948
251.450297
45.335211
39.047197
4.568000
18.151344
5.829575
3.633200
10.467659
76.996635
191.924465
167.457559
28.609852
210.885617
155.869897
7.020994
9.658797
2.312834
126.555699
404.357729
20.079489
4.701940
257.245935
238.323428
5.921323
49.578172
59.747949
198.639640
3.477362
6.764243
2.113189
160.693557
39.373689
247.226376
103.634652
865.755413
9.242010
29.934586
123.794829
8.753366
86.172503
22.292692
8.460578
39.374860
8.717514
79.847971
7.051314
156.006326
68.269913
5.698640
104.461718
55.384231
126.917623
19.407647
194.235042
638.790045
2.353889
92.324929
22.918913
166.299575
103.568460
1.881326
10.051253
5.692975
144.857817
4.750111
101.108832
8.755086
4.723604
241.116861
169.142244
9.443640
163.762045
273.927677
32.977309
121.999888
7.094886
53.656067
20.805875
258.331722
26.805099
203.688780
196.110766
2.289792
166.273308
198.990333
12.580246
105.871822
217.926151
62.910758
2.475117
218.276070
60.381730
5.968538
323.574417
5.681598
116.003475
5.199957
366.289026
116.555238
438.906172
3.348912
6.191863
2.556067
133.877718
170.716233
198.826059
258.219708
76.096003
2.717653
127.652907
200.868480
9.281484
13.788694
1.499025
4.030456
17.462628
47.948813
7.802222
309.959830
13.566955
128.904889
432.745839
13.613451
45.665745
16.946310
414.535616
3.518373
10.993589
144.551613
3.637573
5.271797
145.234551
17.358406
81.185875
34.863523
36.921003
116.595077
9.364743
64.961270
199.416052
16.933478
46.658682
2.144416
39.397940
31.035035
5.841315
13.092375
5.069943
10.100076
20.126964
4.969952
8.029226
6.032273
3.406302
109.106707
57.883099
313.207807
111.439969
6.816522
53.037993
182.047457
8.918914
2.880498
99.250102
15.878404
35.550813
6.202100
4.670506
16.927759
115.012648
244.023243
22.103044
32.477860
13.750620
340.034708
6.426738
4.281288
28.744591
134.984385
111.142447
34.701942
5.585023
22.529132
153.852175
10.690558
61.705855
9.014346
10.529229
42.444406
21.134958
8.784360
129.069338
2.256598
6.972231
64.236474
3.420122
23.975623
11.918253
177.118627
9.927641
42.882247
26.835272
3.148849
80.315395
177.141346
159.991220
13.301628
130.313145
7.036697
2.167487
3.506893
42.001769
3.952023
31.311773
3.658147
5.502045
462.496625
3.996756
12.530221
3.227703
3.807541
40.175564
101.570243
24.338208
54.148613
3.295431
147.866071
4.614005
15.220894
29.729151
3.893303
2.915256
17.471759
2.144829
22.773529
7.221719
176.095916
185.139126
2.706872
7.070634
24.636611
2.775003
9.661734
4.090374
120.275035
42.092942
5.590411
39.730546
333.918091
49.772275
45.122728
9.781230
143.273007
361.655895
195.099056
4.999265
5.066543
75.274968
241.947684
50.726836
31.956268
11.693248
172.519299
74.123262
68.231860
86.794643
7.969649
12.875950
14.177951
66.115705
5.607583
4.170216
14.512372
324.084324
424.433552
2.344424
4.773492
18.307664
9.404482
9.670808
18.490461
11.381343
14.238891
421.355383
86.046116
2.047206
7.573640
59.927089
275.891367
33.830874
24.069622
59.281564
179.771984
155.580034
473.415045
3.345605
20.461366
80.963726
229.706428
301.155031
9.212545
156.142141
76.260488
40.064767
20.699574
71.732503
2.509619
21.077834
5.835575
26.945016
270.048217
61.709501
507.364214
158.037270
6.925189
65.747171
206.450066
10.728875
149.315931
15.394848
281.484120
5.335214
141.366472
231.871040
25.256773
93.078292
4.098614
21.544092
17.782392
2.195956
6.051650
6.537876
22.263431
66.360752
7.859775
130.989921
77.435799
11.259460
72.460164
49.428930
39.186449
172.032966
10.468720
4.377266
14.490879
353.340990
2.296620
185.984756
4.634712
98.405933
138.341545
21.053316
16.947214
86.238653
10.750942
45.703254
312.776272
179.985301
39.885238
149.684127
166.669107
48.852387
54.852463
247.046505
20.640349
21.626639
7.670481
233.304328
16.433670
84.787038
276.703361
5.315317
6.198980
12.216669
172.533274
6.167001
188.526234
45.202081
6.514284
121.330198
59.013999
381.831858
2.480062
4.675658
78.463171
264.645582
54.681910
3.799323
4.339559
73.934630
2.213712
157.145766
249.665496
53.172898
38.768428
4.095218
256.199591
9.583334
149.496472
4.099908
101.214558
127.892152
28.424958
20.191699
2.683564
10.564531
2.349695
169.622472
100.746009
248.344199
99.780947
12.478495
393.633986
20.396407
1.759223
72.561096
64.577437
18.269385
304.938135
167.215258
25.821251
42.590108
67.613472
4.606894
5.612111
304.672921
124.804574
7.175810
405.720005
91.930155
199.568654
122.150754
5.039540
49.417867
209.087141
33.529182
2.880318
228.492059
99.615907
35.841506
3.667361
25.930187
39.195333
196.583444
128.989946
268.529268
62.821257
314.816169
77.317691
436.395112
235.298569
39.572811
327.177208
2.337986
107.783385
26.795335
4.131898
139.929435
132.126122
162.983141
36.557745
113.806110
112.971160
2.207855
71.647649
3.054930
136.568926
34.464937
17.820262
111.954342
5.434849
238.189668
34.407662
33.856416
41.669139
98.239732
54.949019
103.712688
229.678378
12.130535
14.042669
185.510651
48.726919
2.827980
120.915699
108.878970
113.974954
91.964779
5.786311
167.400997
2.913110
236.854431
25.375441
192.770755
126.815555
132.544226
7.951042
2.024007
11.325673
60.041163
236.192626
440.618691
6.526459
254.678503
227.588103
24.022723
192.503598
158.892060
93.299658
263.456286
169.028097
87.835666
11.443926
3.366300
20.039200
47.901012
52.060045
7.109740
2.692761
242.364434
24.951959
48.184841
4.795395
148.063534
4.304367
88.464553
131.865870
2.558349
19.413493
20.050580
44.993778
217.914409
126.966778
170.314217
46.833040
4.499531
72.014174
119.887941
218.054402
209.314152
78.507901
5.957616
6.268312
33.462595
6.022572
68.756316
207.392294
124.403707
96.103800
18.764660
22.502864
194.960430
216.394761
5.844782
120.600495
20.360662
47.324026
17.412214
38.075364
122.554871
206.120007
68.132024
92.220342
631.177490
14.268244
277.924440
81.567842
170.035253
208.828615
136.807336
49.835771
8.364570
11.060305
9.075518
49.420458
42.300542
1.975455
37.024776
66.945564
25.567554
40.249626
59.513381
6.753439
4.705186
4.805369
175.688248
18.183779
272.075629
420.615997
110.277016
103.967895
105.882312
379.946305
8.790318
105.010094
28.087600
8.675773
105.343362
194.559885
7.664887
162.584595
37.744693
132.366611
3.072491
61.800555
45.698726
4.721732
34.897880
4.049330
56.820654
46.592987
92.488389
3.790693
2.589888
12.897527
38.315332
7.087006
5.534209
6.862578
7.835323
17.568115
233.071646
89.760543
16.440179
6.166560
70.904989
202.182324
85.470876
23.997954
206.865345
194.832542
304.857358
10.564578
27.561318
7.338178
21.012929
5.685578
151.627856
2.568943
100.767724
103.237124
295.027214
134.019988
123.828855
79.212613
158.769487
7.690375
20.633122
2.201099
4.767755
246.185384
138.744837
17.038537
9.254467
2.233856
6.828993
10.221941
58.003411
210.335070
52.125947
33.879589
7.417606
21.627727
6.484262
6.809652
76.369668
103.438359
49.661949
125.488920
8.386211
204.868082
253.695256
13.656826
7.199408
56.696659
11.873471
31.704409
27.114493
15.978669
5.842636
20.402638
46.674956
2.569163
6.376403
2.654108
20.103227
24.667844
14.926127
170.957466
244.594598
321.922094
20.327900
81.039499
6.097473
2.463006
8.999872
68.091957
29.381776
70.807688
6.709016
98.056126
28.049403
35.277559
76.164796
2.572812
148.608838
137.838175
56.049405
14.131228
14.198692
80.587924
13.270504
344.657133
5.301458
93.928248
180.719822
28.567557
52.123701
19.762649
13.917158
7.620974
131.977310
310.333324
158.145013
7.478831
177.373795
229.939034
175.994090
21.751255
152.406592
22.635616
87.579195
130.382459
2.952503
39.703581
31.339788
96.161587
7.489623
6.054806
2.934316
228.223178
43.845115
340.330179
157.725689
64.577618
134.258870
432.494959
6.785037
4.827929
126.409331
71.011857
136.540039
4.289242
2.583545
2.138254
75.841691
181.433390
457.113421
392.822451
6.936155
197.136146
54.815709
40.932281
45.087953
302.028518
2.239067
588.658020
200.594603
42.386066
18.263727
15.982170
215.181552
16.187352
301.356998
7.884144
8.048684
66.913403
15.125682
29.099366
35.003251
48.191024
62.253845
4.982594
4.029565
35.007596
47.372142
272.010118
2.666680
161.727769
2.645105
279.681633
199.609027
9.657052
2.092874
16.292114
56.547442
132.762301
4.256069
96.192695
8.129186
2.885978
61.586971
89.244941
31.199592
2.906848
3.803298
53.222489
175.435832
243.095021
7.996835
23.760461
8.430856
343.323594
242.798030
33.983469
34.975447
264.870020
63.116279
201.146524
1.996563
199.667485
15.543976
98.244833
91.759233
134.892652
52.351496
14.157467
84.018718
2.077423
59.154373
169.437344
318.091753
5.996300
24.662064
325.798214
141.208286
88.545659
36.115331
46.274110
4.681580
573.897921
223.558440
6.548821
259.781841
128.738336
6.376403
282.840172
313.424571
13.546041
246.349632
8.578689
40.986244
2.412981
53.316090
223.971186
9.410428
52.817279
14.668390
36.876673
211.499312
139.617080
2.101008
51.083567
19.695414
142.932777
10.131131
4.572274
7.161570
3.449963
4.255910
17.386055
60.523534
25.326520
9.719556
51.063259
11.043171
3.940026
3.858536
1.649214
4.403805
115.698492
21.149297
4.578630
192.980631
23.961000
9.059741
2.085678
5.968538
4.640236
6.088005
2.201099
447.432478
95.631980
120.750659
191.510472
175.540841
8.794228
159.273572
72.555144
186.972380
2.260020
2.927430
40.785270
153.044752
78.165214
69.122629
87.755366
17.423027
16.651837
279.179183
23.518000
3.944906
153.499730
2.260020
20.709607
171.981310
6.436657
114.474827
3.552514
217.934682
196.393102
19.592301
219.484892
10.844234
127.658571
14.545039
25.463910
29.241021
222.352967
8.161830
6.781009
5.027808
2.337158
57.280426
219.983434
434.526772
66.068382
2.123567
88.954799
32.435004
7.631128
7.896011
34.985085
154.889881
175.736891
225.852697
275.022225
2.159454
132.930261
69.585682
187.458461
186.170865
388.829746
2.900059
3.519226
253.388716
6.964344
104.587864
95.913692
227.104641
6.946333
59.464576
41.386857
144.956343
13.194974
25.925240
140.588853
3.552514
2.305723
111.549144
2.361353
206.770783
10.557290
132.381094
1.858078
62.773619
13.017455
45.594470
67.197001
4.064834
3.093715
92.039867
18.826367
195.979772
44.881511
24.022843
23.230436
2.080317
50.732946
103.598213
7.598322
21.814943
240.903810
304.588141
116.458124
4.476998
10.775110
24.625032
20.610234
4.394911
16.233678
62.467887
2.767173
101.807228
278.797061
3.044238
2.913741
24.276480
53.121861
69.930432
228.795928
18.208420
145.512439
68.690886
42.549921
54.171790
109.139806
6.179350
49.776291
25.897217
112.848483
558.310950
111.746340
7.171340
4.187790
19.025951
7.551226
113.688519
3.774571
72.231901
317.835189
303.953843
313.929193
2.473774
67.677346
44.169107
6.727253
128.700128
124.685358
58.053141
120.811790
174.114237
722.365701
96.204372
268.766964
211.025788
142.572740
85.068640
4.434014
8.068318
100.710514
39.522096
197.983703
189.748769
15.937864
45.595474
40.357038
2.706688
83.905364
5.417743
116.017411
22.360668
300.551403
6.710976
3.251483
8.599296
4.909426
28.771120
46.052048
103.227858
208.861873
219.902390
123.565486
79.823190
37.654868
19.719441
173.001340
58.643129
11.543953
22.424429
3.019439
3.331967
275.508232
64.550900
199.380088
139.431757
233.704253
143.682800
473.191999
218.927943
38.547764
12.921613
13.224699
115.934230
29.427310
4.106291
7.005096
26.386857
73.247869
59.522391
178.779982
195.464658
106.451603
102.193251
2.694861
44.682097
305.673748
328.381474
23.986204
14.528254
178.510948
6.192436
98.469400
249.114763
12.207636
119.258631
504.701458
184.599271
89.402276
2.353575
149.013495
163.304886
157.036729
5.453124
13.774709
4.043190
8.769898
23.107828
2.441227
4.845741
133.785969
40.269472
16.706952
200.752198
172.577706
177.048467
7.970979
97.054366
66.619669
39.748241
5.375530
38.452609
259.808623
2.189864
4.673162
111.677138
115.902202
219.033503
43.030643
6.585438
19.703653
26.797329
7.422664
45.134037
112.377207
8.181166
91.775848
2.364027
214.746762
28.143720
122.625344
11.662400
269.357444
245.699135
26.298898
191.606970
122.035986
13.147604
97.723495
55.548939
138.068544
222.473039
224.715326
211.725303
647.322589
4.708813
43.929372
7.868598
489.886378
2.480857
18.831926
6.414456
66.220247
74.500516
112.689933
89.289971
4.043426
18.597663
55.066433
178.184785
2.435395
10.183457
322.282198
761.666497
257.120296
68.877870
41.908002
12.299454
163.209677
1.861957
85.374970
21.442498
39.106046
191.062873
302.646959
14.181381
33.243244
20.901002
462.854562
223.917678
5.746584
10.547567
96.351390
92.893934
6.654281
19.332519
104.895950
69.310841
7.602446
115.555470
164.819517
136.799415
55.983364
2.262877
4.041514
75.248630
29.915139
145.887527
133.822355
153.813623
15.616922
3.640403
138.560508
14.793010
73.814160
3.942733
105.025911
57.735689
62.272272
250.110984
7.755428
2.564033
84.456466
289.488033
89.883030
36.257123
145.519123
14.099346
278.416259
6.663128
125.112112
2.434504
167.237262
6.236779
97.878579
189.175518
487.951534
230.425720
16.645016
164.656970
91.175723
238.203644
127.613743
322.823391
6.542586
11.019716
42.147095
191.812255
11.880211
11.394733
1.935662
128.681353
142.959853
2.408259
30.993065
108.071234
3.387582
5.391329
122.826208
97.622608
204.235890
13.743687
5.923865
17.532510
4.564887
7.698443
161.011288
32.209218
19.970431
70.902150
10.738667
28.285369
337.878609
25.491718
3.965752
110.342584
49.913628
125.175455
20.686037
28.429007
82.206761
64.909019
238.268750
3.705727
6.403358
9.002131
422.569477
3.714837
172.919380
92.011569
6.161112
5.661398
167.731288
7.840092
18.666634
136.929383
189.749637
191.946364
4.100879
17.265020
9.515335
8.244875
146.076362
118.378720
1.430533
177.413155
28.722312
291.086922
172.405561
263.345799
4.799822
302.083736
258.993447
33.332606
2.260020
3.560578
58.398997
21.659100
57.085942
101.582847
7.183012
15.368248
12.902986
122.987864
133.636382
7.971545
25.961481
11.759152
38.494104
349.565205
155.200755
108.345423
155.181968
144.895491
11.347488
9.886376
97.962060
192.157479
5.847625
5.739416
15.872546
6.853984
3.758642
498.249924
47.011227
9.502278
75.788230
175.827969
62.028932
332.158685
199.568024
39.654736
36.929762
19.365177
7.982164
328.368818
18.890129
159.297434
8.893769
93.255091
202.678519
10.702364
35.500900
418.524241
207.101929
228.895661
7.323640
248.981158
445.365621
41.418685
398.886992
258.896800
122.264370
3.814221
12.165795
18.293759
194.652409
291.400194
5.007843
6.633655
30.920938
268.571492
248.505897
8.863004
6.376403
86.640075
191.192035
94.505999
11.017092
312.481356
5.392022
124.234664
54.367837
26.859465
4.233374
122.271054
146.307103
1.846540
307.446570
1.950307
47.472309
5.147021
2.997392
3.174117
172.663444
22.185457
361.783594
88.008595
222.098482
21.254028
12.427168
5.531629
3.188202
3.746466
32.091174
15.160003
146.997403
59.840271
91.033830
9.886688
5.816499
259.605255
2.305723
15.706716
79.667405
21.224461
274.305724
66.202665
141.961542
4.400991
190.583112
243.596255
2.319483
139.850443
18.091579
387.160291
326.794954
56.180008
64.365476
17.244937
66.280265
5.959348
6.259010
77.893896
256.659782
109.965676
78.750734
176.405364
15.613611
237.919253
158.605240
80.304172
262.740943
234.183107
4.273997
7.312533
3.815086
76.319484
96.700012
5.243673
26.447015
3.541766
135.290316
193.078607
33.109827
35.701659
15.994145
68.724378
3.491295
48.785201
29.158517
125.211447
58.686165
53.324441
249.351924
182.829917
191.852526
9.083224
311.472930
100.144333
205.043458
394.895453
5.781799
4.113745
2.053721
162.709442
224.757946
36.316241
96.222470
61.503980
3.677393
179.729419
14.096068
23.925280
32.341698
196.061942
50.517828
24.744732
330.091675
79.345304
138.624815
462.687141
177.235886
5.414523
3.554827
62.835727
2.967212
39.781537
18.715156
23.757422
441.050753
8.112850
41.826888
94.896784
42.267810
81.025040
12.860238
308.243315
170.571516
97.159140
106.896662
5.572513
13.989812
9.428701
4.845121
3.473300
38.302964
69.912859
260.418698
21.890842
5.039126
191.072258
221.418118
164.297852
32.723999
1.423218
130.382633
486.283792
14.370953
247.208663
7.172173
5.390606
62.508578
21.306590
2.821987
20.895716
19.509311
468.549482
40.145102
111.648442
207.999001
114.113494
333.013692
6.735271
97.090235
183.888281
34.672746
10.604525
117.156803
325.020225
183.697036
17.539262
264.905678
100.683968
10.469909
108.106490
97.390648
3.227791
1.640216
4.070531
37.796101
214.396063
188.102341
154.325772
15.616400
13.221699
12.674407
61.806007
225.199125
315.355341
93.120401
196.578085
14.833548
53.648628
42.355437
2.386327
64.535414
294.040118
21.898235
165.428664
2.568943
7.728078
25.631761
92.328027
7.745352
14.197661
84.489306
84.836752
160.254073
2.153009
41.137305
98.983987
51.766990
151.044812
4.542900
145.658787
208.688908
7.000321
8.436850
8.867056
14.400040
45.730860
94.851576
11.024172
112.644491
8.010241
19.408600
228.053217
9.309133
5.640486
184.758045
151.452403
153.526871
59.106655
4.478157
167.001859
319.625030
3.877955
4.638618
63.446792
71.424390
226.044850
43.499297
220.070598
75.811405
718.803296
55.306189
24.094734
320.701192
145.196597
4.759803
6.273096
451.038210
22.004489
41.849626
298.613910
121.971036
5.594765
103.440551
126.351556
3.017260
12.382239
14.482454
2.465433
52.843132
234.719917
42.081867
6.003296
178.069917
12.067002
46.472259
24.424624
21.619656
10.892532
209.777626
107.191347
68.699429
192.009497
424.956617
3.440411
105.436950
4.240115
40.967048
130.279185
53.319776
22.334765
58.802868
7.236744
432.865973
39.451357
184.005340
12.098455
104.350218
8.849480
4.289906
140.727569
25.861800
162.482930
151.669893
282.252292
27.372088
160.445962
205.522426
8.617602
17.063201
29.935444
32.480363
3.278071
2.625684
5.438770
114.238375
2.211218
1.738636
215.124789
25.528895
203.597245
80.813006
143.744197
30.324356
219.800680
5.518643
53.716552
1058.789703
32.486286
221.022043
112.689425
536.336949
5.728534
87.748763
53.886277
89.698244
165.281808
123.659656
16.063239
6.458155
86.623212
167.908430
151.734582
31.583849
103.570955
89.543993
6.797777
6.209719
3.330002
323.214515
46.721735
240.357373
10.348117
167.663627
252.906911
19.212497
5.190597
185.067237
192.357514
9.059693
16.311979
146.923719
119.215912
2.246922
224.553777
3.700394
2.874634
92.079768
340.754279
110.729105
56.256874
15.213802
4.632138
92.336842
197.378367
46.497156
10.915266
114.882398
34.354819
13.907763
22.772875
22.269813
5.190311
192.514570
5.805425
29.338268
31.226074
110.043863
11.676375
219.522362
378.659423
242.813748
219.645808
2.750141
220.639811
26.804471
178.722309
50.735802
405.836148
14.096704
70.691852
210.534083
430.479998
37.442097
239.518415
5.738848
12.335628
42.125635
2.706872
241.886388
22.150905
4.611169
264.078571
46.372933
3.543448
44.531483
505.237366
35.207522
121.342618
161.708967
105.847207
5.644038
31.749340
1.886049
70.025717
455.564601
101.604379
20.735262
9.488874
72.808329
756.000213
70.147011
249.682761
284.850229
407.132797
106.566425
123.201866
3.807156
162.058414
2.041119
2.227669
2.488798
2.159490
74.890961
104.264563
417.277153
127.194432
11.106486
227.554670
2.252040
11.066939
3.570825
51.502615
87.982692
7.014551
182.092199
231.089573
127.650682
39.326498
134.247097
1.891178
3.472023
30.168736
120.972801
61.523433
10.667325
69.179397
6.104914
41.292315
8.679658
98.231900
92.476215
70.410274
181.847984
160.012378
100.984584
35.960042
63.437893
11.015649
87.497314
145.574748
7.225404
39.506460
205.074935
9.806305
71.025114
59.740176
24.564446
7.216842
171.897661
88.086930
128.940842
131.416704
313.509306
7.973418
287.105656
79.634819
18.899300
64.309117
38.035424
84.961297
87.506785
9.533842
40.165088
48.824569
62.199751
5.678643
52.178503
76.595432
33.603477
321.522805
38.147184
10.292836
2.263444
40.214318
79.844761
6.025226
9.102668
360.553081
3.350824
381.341208
8.175685
163.539099
14.334855
2.606052
32.788377
162.390219
17.111431
157.581652
32.913476
206.604479
34.390325
31.506148
21.790315
12.275784
147.448883
3.577369
12.581065
41.465841
11.634117
84.282941
47.222376
2.331629
7.158779
69.020652
471.012967
10.249976
8.389421
6.861407
244.433067
51.230912
8.815922
69.819281
2.734678
4.594382
4.885087
27.195916
50.480934
15.612521
158.771408
4.353206
5.057920
40.813668
22.438927
13.639903
26.448194
74.375445
17.298195
23.868089
370.713764
5.521283
691.895226
15.732745
143.668637
28.837469
5.875941
5.273729
70.208687
6.450350
9.994184
9.264569
4.646170
5.069117
13.456843
362.509617
285.139645
6.901957
5.659575
4.286252
52.240217
214.035492
173.732766
112.865552
299.926916
591.007266
219.527265
14.419296
2.990947
11.407993
19.586756
279.928215
3.536946
112.199102
177.060407
22.758153
20.639204
16.645075
7.759880
11.920700
50.741719
19.052646
20.882946
65.114017
33.030335
191.979397
10.629667
195.680165
26.568195
21.610036
6.554928
12.188822
343.821975
6.114618
113.364439
4.083980
7.750856
3.492785
75.249385
14.543610
7.606149
8.043382
149.152166
33.195760
34.040982
3.747040
2.266082
6.838800
34.070438
22.805087
1.708312
351.017011
412.707147
128.283424
107.422774
2.125118
96.902774
190.447429
69.901016
8.946124
132.744306
3.314502
159.435445
136.821500
3.143592
2.627337
13.472480
13.845934
72.335541
46.705274
224.047747
13.376994
8.994225
2.476199
99.041827
268.237933
110.712626
35.669229
470.143546
152.325857
3.775746
212.363000
35.964766
98.858048
14.736157
9.384084
49.861780
242.125502
48.213754
187.891191
2.014925
129.084215
94.581995
244.656369
352.758653
225.100245
36.757931
49.092168
226.292042
14.463082
36.228118
33.256967
148.126153
31.686646
202.027309
56.837363
82.909268
249.898102
322.672105
11.820317
155.591585
322.900093
176.253174
10.191296
14.810108
418.791314
59.901003
5.062371
4.586277
143.988772
15.089430
44.042114
415.397714
176.609556
38.693704
62.727866
9.209443
251.278519
15.491588
169.389593
6.754098
41.568440
9.674297
6.486464
204.923170
16.681401
16.244731
74.931254
40.196506
47.888499
97.579795
317.310696
4.634712
15.539214
42.503740
150.525289
54.438738
195.857994
4.353206
40.225325
91.888506
4.738010
7.545622
145.619888
185.368864
6.867119
250.703580
8.908854
1.846540
292.800260
142.480757
279.785756
107.661459
286.865348
115.250727
176.641617
31.140297
6.299424
56.694873
35.790685
90.365212
64.666789
84.633602
30.961404
22.317018
107.250400
303.276178
192.180588
11.245884
9.024206
5.166044
43.648171
107.856775
214.193200
16.593401
66.246068
394.389876
931.897829
16.256357
450.286010
37.922741
19.676998
101.970468
7.101979
18.017921
53.210817
22.063726
25.115976
187.552769
107.136562
229.928925
7.982691
106.631270
50.775687
148.793855
2.170116
91.510453
179.957648
3.797839
18.388357
7.161570
119.010926
44.534188
60.939117
76.945494
28.970896
148.973447
3.928651
18.929606
40.635179
77.581601
7.864607
44.695446
6.334292
56.348920
92.066162
161.618413
299.110990
7.027495
28.047912
15.877940
23.039418
9.679079
52.578521
192.324466
67.703663
3.959827
8.529521
86.479086
203.325133
49.278524
8.965281
43.659185
25.983079
33.027204
160.629746
254.461365
8.101627
28.786940
268.735005
236.568221
206.845135
103.994567
16.220338
528.977407
235.882702
11.678610
34.151982
33.292862
2.534290
45.501110
225.935013
30.737093
8.046004
14.196985
68.101601
84.480654
4.817119
414.846523
114.333016
3.010870
19.372394
70.910557
63.138309
3.137596
18.432689
368.367631
67.850052
285.636135
6.475131
51.927998
10.238395
190.593433
295.568724
60.630559
24.387971
117.966015
105.223478
5.716513
473.956521
477.434373
82.131993
3.043398
15.328170
22.417814
23.830474
9.456358
6.449621
5.875941
88.766019
5.710865
8.185199
40.649755
237.445621
10.506860
65.472131
156.982782
6.043515
70.397206
49.148199
3.971356
121.163633
212.716765
306.008937
28.570396
263.442882
34.444736
276.192802
14.603007
2.217528
4.551671
274.874670
274.710282
444.162813
138.027083
3.796349
151.319802
356.082122
20.963571
187.726081
6.706513
108.513210
16.935298
114.712632
12.511744
118.735156
3.188202
3.794629
20.966832
5.291739
317.693705
17.891839
221.846280
305.744714
81.918089
4.501161
89.774130
52.724089
50.885614
377.214965
12.429971
44.453309
3.634746
183.345519
44.214541
38.863378
9.808530
333.192377
79.663360
110.254351
19.570278
136.835008
269.583743
112.002116
4.110259
20.785458
210.738566
311.354401
60.473983
140.009775
28.882710
18.135216
29.074718
183.387529
10.453242
2.167210
20.592591
94.063497
2.598695
35.185180
75.986520
106.919521
37.258419
102.017129
8.653401
138.143969
7.903534
537.038679
143.348316
153.241643
17.580984
28.634037
4.369248
8.090011
3.416821
9.028320
7.842059
108.496800
8.342449
39.902817
50.605262
85.928143
200.157464
197.133159
74.519179
8.798556
10.297117
19.586865
60.564305
206.869890
40.208924
27.774828
60.020778
99.663740
221.367600
239.658873
185.049299
26.359705
23.169963
258.131796
218.104137
156.567562
5.459659
94.673864
61.870172
205.240735
7.217145
58.362445
159.440989
24.136278
22.982894
132.426806
17.214211
18.408435
191.926189
209.943404
207.797017
88.310151
33.805662
73.885937
5.588575
5.550321
32.878361
168.300181
38.955251
2.032792
289.463920
210.401566
310.334484
6.484794
9.513638
216.938633
290.809789
36.580835
49.285525
115.976422
221.624454
101.473137
10.413896
142.590535
3.392632
164.069542
51.338397
5.732529
201.522153
6.471299
19.323537
5.183929
49.540717
169.876344
221.036419
4.661940
79.138264
22.194485
14.607115
128.548310
37.121956
212.843208
160.810406
286.606208
262.776522
4.986763
6.074543
92.083328
54.561660
190.946956
15.349377
23.552034
198.081757
1.716927
106.478982
21.518202
18.335377
66.902585
224.137097
10.300896
599.632645
18.406907
32.273370
5.535777
74.817058
221.049687
12.036909
11.310874
2.944849
255.712271
20.949948
160.731815
2.572126
3.955600
24.150906
38.128344
45.624598
7.399240
23.330091
131.717895
24.531989
5.774054
103.341768
22.990789
76.600934
84.807155
429.092145
149.229488
200.789150
38.026430
57.420580
224.298749
15.514381
9.959683
8.590794
187.661136
7.847629
111.961993
6.655505
270.500926
55.318097
157.336996
6.345454
217.498461
40.051953
27.932892
390.038190
68.890364
250.568813
50.787006
247.383404
107.351785
171.360104
297.374184
230.386008
2.621904
164.433139
191.954001
56.681770
243.699450
92.820013
92.848422
36.244349
127.778188
5.567705
8.331222
12.393764
131.203447
11.676271
106.410678
75.838346
260.626082
21.858387
1.801066
2.320726
184.254603
92.109225
108.666085
13.971038
72.645873
269.109220
186.027201
27.277757
46.685201
3.603856
49.127152
2.831038
34.309713
13.903406
40.482134
6.324180
239.521558
76.071413
278.398755
2.919398
99.527250
43.892040
16.573679
450.147186
8.398057
131.415163
407.100402
36.696474
18.186628
167.693590
2.697065
91.387722
5.732744
109.027048
115.259813
275.958401
170.336763
4.473385
43.943388
17.544634
59.819813
25.829248
22.316406
74.303963
37.183408
4.715932
3.429066
7.368498
24.194678
44.462122
316.140527
195.092454
174.066634
83.384820
4.568000
5.185160
79.078875
220.853393
7.682420
183.832959
74.907437
542.041313
11.828894
5.718186
32.700933
266.733443
6.179350
22.278458
20.083251
36.304501
2.798109
229.945948
362.423710
191.921237
218.365605
48.890318
8.778019
82.022415
3.447213
377.487018
47.947231
129.375269
85.586446
35.856287
11.443685
5.751288
101.267498
25.457038
114.822688
5.583876
28.585854
5.548362
10.272831
49.102312
34.440169
9.375962
9.982274
83.894183
261.878073
225.567270
134.437224
221.648436
16.931249
9.454452
232.304001
163.099537
3.148467
4.060829
21.485400
3.625268
158.270706
122.584174
2.692954
63.249168
41.109580
14.185475
87.134222
6.416276
37.411061
62.816190
230.998226
37.971335
37.492924
7.577091
179.832686
2.014803
84.778051
116.283169
35.687041
19.597682
10.703476
89.962590
35.126888
32.552174
11.413168
69.939335
21.228785
141.920731
46.284200
45.028564
34.542529
2.320726
161.408572
82.187139
383.113152
21.012643
7.441117
257.346974
51.170108
3.085856
59.265836
181.260722
278.937314
238.033722
65.617392
20.138525
9.481888
92.077151
73.325136
125.793528
2.160436
247.585177
200.777497
28.905583
4.963246
25.848086
177.795236
19.790983
138.704316
114.996070
27.370949
4.475804
154.227794
125.834574
172.611136
3.806294
4.674985
2.114666
4.956567
146.090541
214.240059
98.389623
94.677768
385.677846
206.171803
121.482373
8.726133
112.836851
73.790183
236.430466
122.139902
165.664925
18.642998
279.451162
59.393370
2.498557
11.127043
8.819680
3.858536
3.514917
191.535059
2.221349
2.353889
193.975222
6.074543
220.373855
3.561162
5.957603
