134.480526
44.003203
69.052664
33.911688
334.050777
61.634036
92.001392
55.627121
110.867289
30.000976
550.004084
0.000000
113.381175
380.468746
415.625386
29.008841
3.904902
83.363136
40.940012
184.844942
88.385565
477.354500
138.574661
32.655637
2.130621
6.751513
10.801389
51.981707
5.340364
96.173202
55.396814
20.950508
170.565203
97.783645
74.885725
109.876515
381.914451
95.497246
235.016446
33.790441
3.576035
49.815799
13.260703
277.053566
11.845817
23.807500
12.628106
0.000000
32.835613
0.933298
69.333356
54.238728
5.849459
145.839254
242.322143
36.845772
17.528700
8.492478
52.128496
61.552160
39.845841
130.744369
67.555595
384.969915
62.716249
187.951306
148.820461
87.486267
116.552267
16.509409
201.571929
107.597103
2.359591
180.048970
46.182432
119.730211
98.507958
53.323579
143.592403
55.159924
25.619078
115.323251
75.944462
261.528857
42.118160
164.297007
302.085089
79.158498
80.356370
83.333469
9.227298
109.854842
91.064113
244.878304
56.287650
98.055825
17.891068
31.893522
20.218423
95.886818
11.691861
89.665942
26.912120
113.739785
236.819872
276.990635
510.304951
251.169576
66.116433
25.848227
31.201207
297.794483
11.279946
25.685389
69.551578
49.260011
112.369813
3.170153
34.784514
30.098940
232.486740
220.200493
20.705869
55.663238
220.721712
24.265266
30.756871
157.274475
441.232690
22.684633
90.362164
30.370395
15.151578
15.748622
328.989944
103.913658
29.326383
146.008843
86.550081
13.078125
145.835201
23.331429
125.840669
41.912157
36.187372
47.861344
166.671290
179.919215
63.554957
0.933298
142.166097
31.984284
171.565047
48.258491
6.723642
72.877760
1.267591
59.446247
155.433690
96.045493
82.201344
166.824962
22.072475
205.669826
68.412871
79.641078
17.247886
223.198574
14.230922
107.223323
173.657200
318.295740
45.276408
31.368730
78.911841
60.903883
2.262427
191.556069
28.297053
210.062860
65.538969
24.779855
232.343730
133.432362
175.405320
177.107975
310.206148
115.338534
192.281339
346.593442
164.683885
1.668778
6.692595
23.573451
212.245582
7.488910
80.051140
117.036957
21.662126
232.518441
173.291880
38.602022
44.951345
119.153094
19.613168
189.513153
89.774641
36.146153
59.396183
37.260924
37.868474
79.543760
74.847069
17.969324
17.679112
103.062716
22.741098
645.894014
25.224276
104.306199
130.501251
120.395905
1.623176
71.857449
56.678802
204.782988
26.526048
19.100240
165.224960
21.515077
23.583989
30.627006
1037.077182
117.706686
193.125626
186.397640
127.992261
48.408360
44.235744
28.146525
77.216571
239.158834
3.981378
80.808783
14.324265
191.844494
90.201849
19.120708
30.778262
493.486863
0.000000
39.004456
43.750828
98.185623
3.206759
76.518002
213.065945
39.681778
183.199168
61.414328
97.769239
13.203412
284.801367
528.565135
29.669867
18.308433
11.911611
0.000000
23.896344
7.482890
62.129069
33.482097
51.048705
90.230339
2.928136
31.791919
99.136416
37.964982
286.819706
57.675957
43.188989
112.061823
47.556462
5.695579
28.541810
2.441362
30.360540
168.021099
149.068983
27.796094
174.382129
8.018788
19.106788
157.917546
244.904337
97.021326
81.664740
81.858646
0.708669
124.998656
12.080891
164.262131
11.392298
7.078753
107.390098
317.982828
137.829938
5.872873
477.506225
35.770084
57.000602
32.334237
90.553106
28.960350
8.196125
245.038093
57.842482
13.998155
0.558552
188.815624
542.723375
318.942703
137.496616
94.495500
223.668851
17.976710
123.630926
52.692919
200.278872
5.525371
207.727424
30.986374
93.789526
209.721497
44.531329
18.978829
49.706409
87.972812
58.931847
52.652188
89.400239
0.830785
41.190017
73.140134
18.033905
49.059651
153.932101
34.907505
55.070401
119.470081
266.280819
0.933298
107.846837
398.183401
60.722848
57.843756
9.357017
13.693694
56.614157
119.260018
103.432988
6.907907
35.091715
83.687809
7.248642
21.792048
332.083808
31.949078
77.551961
62.716037
0.180647
27.267554
0.000000
27.908903
57.107896
151.208074
157.006393
137.575463
70.196340
86.441295
49.195113
37.270109
16.217304
50.949265
104.553155
143.425165
400.280314
113.161651
80.241969
243.736615
5.162488
19.747475
151.681105
124.906285
20.039531
199.014504
51.252020
46.920196
69.132843
36.832026
5.647141
2.030037
145.333668
488.485175
132.363624
64.278069
104.675310
246.422123
37.049746
511.132886
5.438851
431.832120
2.631163
127.716546
86.831736
289.555410
33.318058
114.694260
134.738933
8.574592
37.235777
75.909501
123.238094
29.347479
50.116689
36.279348
6.564217
97.415204
106.373005
198.592745
133.651119
47.081382
3.119722
131.698424
30.986736
67.789292
129.060641
8.175147
79.276627
58.365679
44.184795
77.381715
21.470881
243.284767
483.615100
17.291305
38.267664
35.509054
19.901482
99.790862
19.234844
14.821167
120.056552
191.157353
54.880330
3.674276
48.998152
113.072843
4.572686
174.574855
718.394024
314.950680
21.422996
61.920032
52.908187
22.138752
166.334727
33.867863
92.840376
11.681685
46.738185
105.908477
593.939738
120.422120
79.970367
26.591780
119.868629
74.416373
135.650790
19.897731
0.000000
10.689477
12.285440
52.980658
63.087093
374.511231
97.304147
10.567924
16.860828
122.331605
70.113946
216.512147
370.548869
6.388864
327.409258
349.960512
6.833900
180.138498
29.887264
48.930602
212.217952
662.489529
27.220335
22.101030
6.279286
655.741497
111.309141
0.000000
41.730599
180.114033
13.142092
36.864024
7.586034
72.251669
24.618686
294.843594
110.965541
57.956415
56.835801
16.709675
65.617006
0.000000
12.605612
42.630528
88.778840
22.884934
232.563315
64.293024
70.640046
51.517809
24.460160
138.582242
81.759580
96.489136
47.134588
18.044621
120.372649
73.297789
14.678485
86.724175
16.473386
294.634278
97.308483
16.451297
288.111486
22.738641
26.054376
37.480380
332.812499
41.022212
39.937889
295.659364
297.205999
111.164665
54.880633
320.727178
141.861693
27.837575
62.172376
321.028606
10.705171
0.173726
15.566286
98.681293
7.124761
3.138684
6.160966
29.452405
55.873570
84.125282
118.880935
43.194958
79.570464
137.158325
220.525882
13.625057
506.671695
124.006044
73.498462
21.978735
11.434513
160.405434
137.941992
17.458779
25.343739
395.266079
1.626905
108.906693
94.053431
138.631956
12.231984
104.718600
166.458549
78.757916
80.524518
179.866094
42.562681
37.493973
330.942559
3.927790
58.204822
229.620141
57.207436
77.914961
91.599254
158.621770
382.549416
250.749194
8.963251
57.282541
39.054281
41.476381
73.301825
26.250151
123.335886
459.537790
9.994681
68.330649
25.116367
11.388162
67.221197
67.943247
41.204228
50.576101
43.284228
574.894838
32.723956
110.570036
117.929567
43.249598
125.840250
243.328859
104.384596
273.999865
136.567577
70.841386
257.763743
37.598581
5.752553
17.333287
278.881974
326.650164
96.077500
55.347551
7.936736
21.385056
261.707626
365.904620
113.295151
99.898707
20.076334
304.278100
0.000000
82.292925
20.378603
107.758485
36.495952
28.746856
45.095777
37.862594
555.503970
7.399701
52.908851
43.672011
69.837020
19.577537
16.277719
73.398224
72.794604
76.080146
26.432668
21.661173
83.581638
49.991776
18.434607
96.640199
49.675467
49.560604
192.389437
1.931469
175.030681
15.710049
40.219663
38.252386
17.982182
40.359723
66.623828
47.894955
5.198241
36.150245
13.210411
61.801824
130.516685
38.585348
215.941608
193.040977
297.972073
179.122837
148.981239
110.299653
61.539946
15.329574
91.809770
270.585459
145.113358
11.646072
5.301596
73.326866
84.783989
87.696308
285.991519
60.831640
116.211167
49.451350
13.499010
195.237108
0.000000
48.950193
40.193657
73.916363
60.630032
166.033349
45.453844
87.189681
56.402615
155.741988
200.506105
82.268093
73.961798
13.907205
0.000000
56.908447
104.327938
149.125389
88.489814
253.156409
226.011012
243.773246
16.412685
7.407449
124.408824
14.436493
60.598996
4.601016
62.586439
24.904754
21.000972
210.481982
0.147269
84.608266
64.705593
106.351899
260.500727
357.216839
77.717195
12.054409
4.971353
10.012100
695.228837
26.051774
299.382124
157.801986
24.856747
135.001906
1.506251
15.559573
13.792847
496.150610
0.000000
23.205668
75.082663
9.440679
206.305973
0.000000
67.497595
19.416787
83.564958
20.933510
337.417933
306.535365
38.964556
36.900206
45.122212
35.288040
81.720681
49.773599
126.741192
152.097285
79.563863
0.000000
40.940294
319.678031
76.044356
268.965297
22.976911
94.806403
60.584729
7.447703
168.367568
96.960885
65.938430
155.712116
88.666498
75.678373
20.947604
203.529790
444.592651
22.715959
73.355498
131.386833
251.925553
197.859281
16.337017
21.325673
176.364517
508.479063
103.018052
0.000000
29.938891
127.919417
555.515478
7.921997
12.594022
138.510138
50.646587
45.498931
308.177427
64.323539
20.893770
125.448601
3.608170
101.503859
46.455431
97.348984
180.447620
19.378683
39.983934
7.631932
158.878105
224.323302
0.000000
20.402234
0.000000
62.854049
49.869843
30.756871
280.607172
52.670691
0.000000
11.678597
181.051092
5.195683
9.869871
52.110512
162.790257
48.804525
156.146776
63.593438
161.619854
118.802551
3.160530
54.942230
26.198450
178.056490
166.962525
194.910047
156.124118
3.872030
9.688408
159.597907
475.634946
17.571679
79.360359
12.853157
133.997128
215.635246
6.195013
164.244855
59.027448
12.784699
99.925624
27.457530
61.117436
16.915845
140.296530
170.591929
25.049531
84.116068
34.213011
38.025223
269.561002
54.675314
168.206822
34.178206
14.772423
816.676415
58.175653
132.706446
233.303268
47.510931
20.057124
4.631137
6.488664
143.636570
160.554950
56.293782
1.381858
68.249464
35.028592
46.903782
69.101160
58.725475
62.332515
0.792298
259.622308
153.043360
123.403652
117.959232
533.933205
13.775287
77.149811
140.742954
5.507278
149.208570
193.182643
220.613392
324.714893
0.000000
181.811746
6.924065
506.146264
46.354832
9.098114
153.390932
54.363003
40.781696
96.037515
9.607830
56.690388
186.810725
25.809639
183.830415
84.612434
42.566815
35.923471
2.984975
165.760901
25.650169
9.817036
255.793882
112.590371
106.440368
46.913505
180.006318
0.000000
54.684070
52.812518
61.026339
219.503538
40.745940
2.496128
714.943979
169.393493
43.330360
11.890492
50.700665
239.990910
67.986717
6.769855
206.889534
69.586250
151.306778
303.883573
147.722886
108.843533
45.873379
270.349484
44.482941
49.234612
538.541761
59.208988
71.388102
306.808037
10.073830
69.691823
198.011157
31.639324
8.217807
73.489207
5.008831
199.964674
82.614756
92.993782
15.441296
302.717592
12.903057
78.464029
12.436895
88.688617
11.129760
176.055445
51.936930
4.734470
16.077347
39.839022
3.794712
30.107764
32.651677
77.437070
9.145512
71.653945
172.308997
74.554906
52.761284
119.463288
194.782170
60.868080
10.313033
39.763876
206.799629
83.264740
46.260621
18.713505
28.145620
23.251943
61.026816
61.973376
44.762288
115.040860
53.183013
21.784612
23.325441
203.152378
26.828418
25.093480
15.568001
120.348877
0.725570
400.881404
118.546203
243.233767
80.710053
53.972282
38.990640
131.981681
26.873335
142.890952
34.056615
12.323882
25.151556
11.045023
127.019823
65.469546
228.488562
35.177481
50.900228
8.945633
79.487982
133.583246
0.000000
81.867061
77.750361
220.491417
29.413183
0.000000
6.420136
9.629813
15.619518
6.308699
85.318103
82.849264
13.583669
48.780370
17.749355
22.788804
339.491488
83.684445
19.942084
178.583967
64.456706
67.182124
277.454236
108.566605
23.361116
56.654744
85.008822
554.947538
48.418664
229.231426
95.514692
37.177929
16.102374
52.291033
52.457845
118.716700
65.368569
51.269168
36.915513
45.439127
1.467416
57.645254
48.583376
38.970554
7.399701
7.187174
60.554754
268.928801
81.082347
315.187192
91.944512
38.615387
124.623146
420.210451
41.022344
3.354381
55.089192
1.459521
131.586406
1.293767
42.169209
11.193970
373.800076
65.970569
101.844178
14.454826
111.942852
34.884356
47.129063
61.355692
53.792578
39.067999
171.125244
60.238479
11.721475
110.535216
243.131964
20.306118
147.483129
129.335233
29.551053
74.121959
169.581452
525.031031
62.697875
376.253135
23.546982
62.256613
17.311199
121.448964
8.657068
35.992025
35.221835
315.019189
141.256887
7.460285
72.361660
399.921738
61.724276
264.610892
4.474095
51.295159
249.686262
53.840457
17.616456
83.045104
16.529085
431.324100
69.856618
78.199400
195.213738
75.954455
7.370284
283.378968
115.764155
341.675167
100.740578
149.768669
219.305988
22.942354
361.686982
52.334644
59.273776
123.079678
24.140906
452.063747
14.227078
0.691888
135.963646
57.712925
58.005644
19.776526
68.516483
151.037993
0.000000
52.207685
57.905930
308.567444
99.848694
29.463712
33.811971
32.530654
62.722108
109.687421
20.139655
23.809869
116.060860
28.536747
9.550363
291.751255
219.976565
221.657841
177.483679
39.711126
20.831357
90.471791
40.239350
356.232937
23.802038
101.623906
414.985145
7.108352
16.662022
45.393136
41.290138
32.076516
24.018451
103.834384
448.575704
29.731707
310.163453
138.481741
49.857880
19.170436
147.617116
19.277037
48.310384
30.387076
177.267496
38.711343
41.062348
0.000000
274.738468
283.050619
64.965942
231.604081
33.453828
130.418409
37.963027
87.184856
256.763093
103.212352
270.173229
88.839601
87.509228
0.000000
105.851654
17.513769
68.566549
148.428561
236.060842
53.882565
205.864548
12.617259
11.143277
12.876578
0.000000
472.346068
197.070525
95.905026
77.268485
74.792276
261.754143
333.903442
49.669227
96.039019
85.123467
55.341053
19.695188
188.708557
21.147826
17.363782
10.089739
13.895655
78.007918
6.177763
95.845959
323.328898
60.739548
16.458195
121.334607
19.311878
21.540509
8.150363
11.287731
576.939303
4.236813
96.997712
107.999557
44.920251
74.897361
57.692764
52.705330
17.327516
280.209571
86.276880
571.019432
294.708155
8.129364
30.158162
99.941304
560.842106
105.959285
81.778809
156.812461
119.833932
31.187632
8.935682
89.619532
103.005799
389.119537
265.612596
491.830256
13.098784
169.236199
132.406712
78.350575
23.164839
179.704558
12.573564
25.188070
45.432652
73.344200
184.421602
67.175097
166.804392
52.308109
27.438647
15.466724
45.180608
309.081448
35.433167
231.548216
104.394675
15.727905
18.014619
0.000000
4.163730
42.543099
291.856838
7.926577
82.803871
31.195036
120.061112
21.332922
116.354930
102.214156
78.313968
129.851060
57.221561
35.282009
110.944129
756.880683
46.033855
136.652595
158.828981
12.179785
777.749810
332.188947
270.526325
7.135537
42.459423
18.835243
61.537087
64.280063
33.303929
221.516750
17.608455
32.158704
196.403982
60.019158
14.474763
25.116043
19.785159
129.876524
192.934218
82.449099
12.762974
15.310034
30.330292
77.510399
188.128367
15.116835
51.437254
196.039566
64.611518
322.944555
3.217200
12.749007
93.016819
237.857877
37.104348
150.873458
20.891683
34.325752
2.280992
121.525849
182.399303
12.106475
18.439985
106.791082
10.554100
200.578486
37.842109
99.018103
0.000000
61.550676
41.566789
38.188185
270.820054
130.460552
0.000000
224.510661
218.705179
5.402982
19.581669
229.777142
167.561463
138.678222
45.688451
17.461579
276.324111
133.414545
179.437594
96.143184
234.582645
15.783871
82.639568
237.112358
12.159924
67.914091
213.072288
43.028860
380.879451
16.184712
27.974220
85.373290
76.445897
7.410066
17.881915
38.436576
222.776262
3.738301
35.520506
33.986176
252.157833
49.671851
326.255544
24.466327
295.614795
150.824331
23.230212
198.183362
179.970383
6.436329
29.130113
128.598513
135.431741
162.301223
53.219485
316.758974
9.853364
33.449583
124.492935
240.482585
131.705093
33.911688
32.541328
238.641672
78.008061
99.082022
91.555295
75.117418
16.444693
23.798550
3.156946
5.949254
52.625760
108.823009
94.978545
11.771740
5.517208
12.001725
39.485073
216.158657
70.184032
121.253862
5.309295
12.613969
10.574651
41.233809
78.434727
15.312963
0.634617
218.358727
105.506244
197.484425
414.342376
1.819750
6.221925
42.144520
22.888652
28.113713
582.136553
114.491084
34.724705
28.031961
23.717216
341.685961
132.934381
109.397000
24.944009
25.184999
174.397956
27.847409
411.477926
3.327273
366.312880
38.055114
107.394734
291.711495
33.868730
132.826020
158.117016
416.468581
8.258508
132.175569
210.761217
14.475898
217.155134
126.907096
151.858904
199.575648
78.473696
110.604611
133.640160
102.589716
73.841378
58.719303
865.862492
78.812749
163.412005
143.509098
29.332711
91.046866
509.807006
24.636952
34.779974
15.573935
123.008830
0.000000
26.220218
32.635119
95.428664
8.441449
7.170570
37.700793
492.877728
36.526830
147.149913
165.240582
30.925395
288.238250
31.409424
42.373885
41.034265
445.501899
22.086988
107.702714
90.243309
172.828903
20.843615
100.551346
133.612266
172.367525
36.599461
116.752946
338.067492
40.968655
335.784514
77.813605
126.748547
143.710259
114.520151
149.132637
274.221898
169.367842
59.831768
317.323923
55.076475
187.025780
153.586406
99.702359
64.244687
47.091130
15.631194
43.690493
60.067985
15.457903
340.521695
43.879606
401.033807
207.886643
26.406584
176.932954
74.902064
151.376502
3.357549
159.189483
28.457678
132.669982
143.976143
7.856122
6.072192
124.756449
120.091021
61.226719
28.695419
75.120084
32.143897
119.060675
22.823552
269.787129
189.529780
16.654257
119.465493
7.645830
7.956245
59.404480
19.628736
132.722673
165.502723
5.693886
137.951194
220.599122
21.092344
13.426522
462.961369
0.000000
19.420606
117.741092
340.365338
38.393350
212.487652
335.146709
31.451118
75.799912
28.341675
73.317842
15.290402
78.381514
28.469327
30.280859
15.392410
19.681589
92.349591
618.629092
63.703859
22.870251
200.828372
603.363328
142.691797
55.306947
12.788772
194.353718
336.969882
78.941632
277.766758
27.013626
23.823194
373.545685
96.960885
40.413840
23.924186
32.263456
113.725448
37.469763
31.126633
240.095199
28.819370
70.101039
84.644566
76.086677
142.428117
367.550123
6.818609
84.416841
57.830910
34.975552
78.683552
0.000000
83.528033
20.317317
91.677928
227.007158
0.000000
236.305821
49.775152
345.076622
19.677969
3.579468
60.472214
98.612047
47.395762
70.076370
140.623956
239.463540
49.527596
31.534371
47.918909
8.363091
3.396882
0.000000
52.535910
142.960668
156.859989
20.017886
133.739640
21.278355
174.555386
26.261855
421.406629
30.526380
13.747428
21.771451
16.862543
131.809167
32.631369
135.405736
43.808850
102.206536
46.971431
107.839180
48.967772
123.149964
5.093444
204.384453
173.151689
92.017276
26.245525
20.471818
93.078109
183.422524
574.248345
62.878594
34.824222
158.345352
44.755974
4.613661
111.366384
150.011198
139.606656
128.950471
119.174860
81.750620
137.224163
289.955692
26.486243
17.376016
59.290529
5.164871
278.555016
27.336579
225.386360
88.331587
56.191102
19.298381
4.174326
5.374972
3.905297
38.789138
181.868175
10.336951
62.874351
16.093664
38.255740
160.221373
10.575364
351.797942
35.755207
53.746732
58.376891
27.508586
27.138132
58.140339
35.741004
66.712801
53.431272
2.931016
120.574885
384.043026
1.494638
119.799364
136.037203
289.383691
82.184527
99.533371
128.643566
136.301133
95.380123
28.055894
120.706194
36.338027
149.231254
281.746161
8.154104
89.514226
10.516772
0.000000
36.023266
10.284155
48.856505
18.362710
12.076731
166.790731
76.066929
492.049129
11.292587
79.359008
16.628793
36.832537
433.659691
15.538849
113.636331
89.063918
50.204863
82.841568
106.274617
25.892885
6.403329
88.874630
65.463837
34.260212
13.565060
15.516826
39.878968
115.368224
81.940146
29.928238
1.411832
65.281822
82.169794
23.820017
25.351294
31.382722
12.095483
7.562818
83.876840
212.179945
3.850756
18.214040
33.721983
12.454884
47.916611
14.693776
150.794062
52.928467
74.058632
136.352508
57.402365
36.124345
48.411992
314.999996
49.182787
12.252849
8.975217
22.408132
93.196536
35.552910
8.619970
133.583741
43.120083
11.829287
108.264628
122.834994
40.410738
58.552966
125.162793
17.774653
7.154401
55.067972
107.159738
168.677824
21.408678
92.095097
113.416488
121.607619
171.308142
259.315346
33.735543
123.141017
211.151985
0.000000
86.306096
170.074400
117.267097
50.661311
5.203875
40.340779
147.315162
4.844492
1.548618
55.838015
103.040574
454.888459
40.789530
64.140580
216.216096
7.471896
29.589326
15.519537
94.005425
225.419396
150.653577
129.531316
468.719280
254.274726
46.360573
17.103905
99.973024
327.881473
28.306204
116.487821
51.432719
550.886123
136.871701
146.962603
106.798549
140.465367
82.939430
77.009333
348.523979
77.905466
112.477057
8.439216
5.599205
174.102204
57.072573
113.449111
363.034081
73.129858
21.571047
18.091321
35.116603
483.504167
32.568829
163.028038
131.775011
241.514448
275.295911
13.792847
60.316749
41.105689
15.270090
123.245537
106.563094
78.499180
4.225433
387.901968
188.687087
9.425493
82.900879
79.195983
207.544769
133.437625
394.370823
0.000000
78.627981
119.942217
104.104239
12.415965
80.170111
12.111676
40.431361
405.684945
57.107570
94.883468
206.131328
236.020381
85.091183
76.220237
29.936348
132.617140
59.867600
175.131025
79.224254
0.000000
91.185529
119.768430
199.212390
92.629551
22.210891
20.006772
167.368582
62.145725
42.217832
161.670162
196.298833
146.725393
12.178136
168.887825
90.865896
65.425455
29.316825
110.762864
15.290402
69.123257
12.466193
112.834232
403.585345
46.865780
73.070756
430.742662
24.964755
40.996953
75.441928
32.693848
29.472258
32.099714
18.120087
348.497701
156.390622
68.270600
265.018552
96.082955
73.926751
2.592705
129.601655
129.858143
220.065524
17.796283
172.771982
89.252156
109.179415
746.623643
47.669389
153.102251
39.911396
243.989873
2.504628
637.440221
39.407804
16.000691
0.000000
11.146892
5.170542
292.681629
11.777532
200.529012
322.553413
6.395226
120.726150
173.369780
29.059511
593.295911
55.927479
445.687449
336.419816
354.551719
71.766233
18.295833
2.966817
12.180322
83.032712
134.332302
117.092654
225.826537
7.625273
115.167348
74.601522
129.476056
131.615916
11.095425
35.128382
12.309244
99.969948
68.200289
53.696450
186.121893
53.623218
36.317273
50.348522
40.855685
352.983949
217.104352
338.519454
24.580451
11.221620
62.398442
5.965273
80.969209
0.145858
31.384565
133.332559
29.436297
26.766189
258.573886
44.380198
50.454610
125.283771
22.504613
637.059119
202.948089
137.806164
7.628164
126.723600
119.917015
24.466276
335.125659
61.410072
132.135449
365.859138
24.886616
18.183059
172.327563
42.219236
35.221614
132.461685
22.221494
10.327864
6.377944
131.267536
54.012609
20.754814
874.937327
154.793281
109.908105
79.097749
41.114784
70.629994
102.669833
60.304492
201.963926
17.686240
42.699573
27.113262
424.399049
557.030789
5.296969
63.140383
20.212911
113.729621
48.281352
20.781787
503.285052
11.370035
23.404145
39.954756
44.085444
14.910534
12.358383
5.568414
30.178061
17.516634
30.716854
62.326708
36.532672
122.703187
6.760925
18.020681
38.941718
25.420641
24.425807
73.290801
68.772659
27.015764
1.028453
10.548366
30.050563
247.686878
28.600173
213.695913
83.150767
105.363681
191.095974
110.354305
751.986755
344.281163
93.594571
122.490998
78.998022
257.245300
43.833645
133.865460
11.993159
420.320757
146.569553
61.429080
222.876093
23.096112
51.573287
40.328597
175.087324
91.337739
20.956207
22.363205
0.000000
9.876173
67.737710
3.659412
35.954597
31.619148
81.560064
39.189794
13.919059
110.187106
30.495411
11.143824
15.513262
116.026705
103.185163
94.200883
3.946241
54.267984
105.486062
0.000000
38.942621
33.026683
6.471243
80.285525
170.181698
74.558466
497.948513
71.282752
29.799018
4.982580
606.643177
36.167460
24.562514
132.669432
164.539891
48.663647
0.000000
15.078512
56.569230
513.025276
568.054543
0.000000
0.000000
275.975539
260.547229
7.538205
478.801252
551.371512
80.088746
5.680849
23.417936
38.827856
635.311286
104.872167
32.599752
153.926113
263.174056
129.358758
97.075601
79.383536
131.461256
118.172178
328.545554
146.465360
89.966872
264.368389
35.882386
51.146030
71.657893
61.459661
163.454583
20.400107
193.953923
89.704762
120.257810
2.319675
281.745487
5.947690
357.332280
226.209423
4.383777
4.506622
107.100955
71.513598
48.386642
358.177983
240.395822
256.182290
64.472612
49.654699
30.696490
9.348114
62.345773
72.656066
288.796402
29.138586
97.983138
48.074593
520.879721
51.474026
9.511726
67.970096
154.560721
19.515128
0.000000
0.883750
31.534131
10.932455
139.359179
2.536861
25.287599
38.540062
1.381858
8.626459
57.643864
9.148038
78.691954
51.246664
36.695565
47.783266
11.882952
70.955239
44.334010
51.047127
254.463104
143.101265
57.014163
17.999338
68.953450
117.056518
44.854705
21.324154
1.458146
279.839581
33.776543
252.299174
41.705696
15.110154
8.458574
123.091577
66.917342
12.516386
117.603808
162.882560
28.587647
33.060657
19.629060
26.337694
2.702727
117.865470
40.696611
0.655741
200.728125
119.538971
76.459419
6.246780
39.942388
122.385775
5.965273
18.003708
192.318756
195.995253
121.234760
178.346675
0.000000
275.290586
163.586207
6.604654
230.948186
45.989665
196.833871
20.974339
119.771571
52.871176
13.998155
48.169591
381.919536
96.459831
121.080644
18.818743
8.665301
8.262760
14.393375
66.393235
21.683486
283.485188
14.849835
4.641656
28.536517
85.554234
131.254261
36.239103
21.450707
19.037114
50.170516
95.047169
125.470260
21.420455
171.525084
59.545518
50.757530
204.318042
217.737278
67.471777
29.563332
71.381848
45.547397
27.945482
67.987504
96.067850
56.673928
137.790222
89.449924
43.898612
184.762451
6.791170
38.164928
237.534046
604.366405
127.813780
15.439396
41.325850
11.084962
3.881143
92.094006
18.940248
9.601629
64.543331
43.474303
137.632263
52.943246
4.356651
154.402618
553.693659
274.501901
23.874329
229.557622
27.345768
45.080307
25.871855
230.021400
96.762870
19.513188
22.831514
44.866793
111.548752
13.792418
160.019425
50.194778
27.539721
93.708865
19.633273
20.735390
1.562289
12.328005
92.886154
9.424599
249.030817
70.196340
316.980027
205.850686
44.785787
160.119685
311.011423
450.279600
59.125146
203.830750
343.439222
114.177249
6.295818
67.528382
56.618480
81.663941
64.520322
119.226927
172.553418
6.591468
14.206513
265.321862
78.793502
140.250924
54.278970
10.089739
75.272015
89.510916
229.057846
52.037114
151.153779
691.649728
65.030127
22.252823
3.778426
20.460022
7.065803
413.743882
260.330674
75.409142
108.300265
0.252817
202.610113
189.874346
46.522610
4.452798
120.147670
309.880040
42.232935
213.967312
158.299581
39.864771
166.757092
149.361768
277.300363
44.802832
66.695579
13.722105
332.336405
46.349588
302.411287
7.983699
83.381539
175.410090
13.123975
221.977742
110.845630
57.702001
126.111388
18.437924
210.257787
8.824861
46.181814
69.217358
382.198478
157.662838
68.106631
185.381083
130.120874
20.621879
42.062924
13.815340
166.053486
463.770618
65.875658
69.739259
227.726159
237.379233
7.979601
42.142051
82.486648
339.263407
73.034342
22.609811
0.465353
128.301806
10.774864
246.019987
107.116581
607.568625
24.430569
31.039718
112.442229
10.705787
68.044429
38.380761
14.876364
96.083015
14.343457
81.452948
43.522184
120.042592
68.002773
16.906915
120.070210
69.431653
129.529228
40.940961
194.953358
271.180610
0.000000
92.904341
59.017270
191.602022
99.495773
0.000000
5.728782
23.676777
109.918406
3.832720
180.512768
182.877859
7.868920
239.610677
185.100294
33.092746
176.655527
262.049623
44.475836
96.365492
58.112408
51.930766
32.162946
219.157892
34.259783
251.720733
265.652387
8.018788
170.918484
134.625547
13.909184
103.669052
250.652929
73.984522
3.981378
280.014191
39.007172
11.052784
256.183302
13.305130
115.353270
1.044624
305.092823
129.392953
490.065220
4.225909
0.004814
0.883750
181.335604
175.362862
276.929233
114.723630
80.175203
68.536433
115.818777
176.130070
3.469404
103.198824
4.572686
57.183645
8.546767
52.943283
20.430556
282.953225
32.842501
137.738667
428.566323
27.447895
46.530487
32.970243
534.657838
18.056715
17.224483
148.552202
57.843756
42.835395
188.028256
16.867780
102.433632
58.456426
43.082335
107.516087
22.346856
70.784496
244.814719
55.243208
68.653888
16.524790
28.814174
49.415195
113.636331
26.414686
38.367731
27.769921
54.565530
16.639850
10.734034
13.366604
9.281790
80.925152
64.354723
332.145074
103.239862
108.823009
73.235641
0.000000
20.431783
7.772013
89.897630
24.241140
50.210762
14.633472
9.487088
26.746699
149.678001
274.312561
30.583797
31.828259
18.377190
339.796976
14.672398
9.846087
42.587909
122.537392
96.203912
44.204530
23.911326
45.872831
172.969578
33.888030
56.764355
36.343127
26.138630
25.465331
35.430230
62.267752
147.360086
5.749489
74.397731
79.219093
86.544750
61.205994
20.163268
158.720529
35.499919
58.868618
38.302340
5.462416
168.080063
69.625131
155.536652
42.441366
170.068209
16.629990
0.747052
11.708604
62.391722
16.578461
42.393471
23.487210
54.548364
394.884105
8.276188
18.166086
13.132922
0.000000
31.318763
105.890370
23.706675
55.566103
17.131237
166.647781
0.725815
29.203413
48.544762
29.694021
172.248454
15.689195
12.646204
41.302741
73.305387
248.200455
315.511175
8.341546
10.486883
35.113975
2.006618
4.652687
18.033399
24.182682
44.861631
201.444714
48.637985
362.013784
62.644291
49.874275
19.744748
200.487529
202.670382
412.179435
14.154286
93.378745
73.573175
159.223757
47.606840
52.733196
28.146641
84.192056
85.785361
58.997427
77.179848
22.207383
0.000000
28.649142
67.619066
27.217716
19.338032
16.635501
672.376382
374.261305
11.232786
13.001226
36.788859
5.652925
24.466912
40.335921
12.875322
57.435659
444.253091
103.480322
0.864843
35.804765
58.256196
273.911626
54.538525
58.843504
72.983731
159.692871
63.828566
190.876572
3.745515
33.068647
67.860425
292.499596
179.864163
35.022921
174.606450
68.160688
72.753567
34.444768
81.494630
0.202355
29.122410
12.410638
48.309003
227.748242
90.961842
359.775921
176.681910
233.870558
62.276268
173.276855
20.722193
277.078348
30.864201
344.338383
19.459550
109.958871
242.289039
34.273028
104.439536
28.188677
21.769045
12.301354
0.000000
21.683603
5.480646
143.799634
103.137725
71.102133
152.569505
72.672659
4.321114
88.178007
68.418613
45.712470
163.418037
10.848981
21.115041
16.744542
391.688310
16.709675
178.539535
20.528631
100.339051
152.814835
22.472373
10.813180
107.811801
15.779312
58.884118
405.476385
193.936226
55.504984
147.442921
196.212487
57.373272
93.628916
239.768389
34.464891
25.192343
16.551024
214.864639
35.120125
97.217946
357.005288
17.780862
10.792111
63.551102
178.909854
15.158985
155.562516
86.102184
37.947394
100.339532
62.472277
367.531569
6.700812
6.657042
89.165368
223.679511
44.419468
43.571051
29.841303
90.844403
0.028455
113.258941
242.619875
51.322279
33.029771
10.743332
277.869985
24.784690
116.508397
18.744028
102.150222
118.183480
19.743234
36.650625
51.787293
28.055632
11.276206
124.983804
89.985313
218.475332
137.119194
29.529360
400.741863
44.069883
11.245414
76.940096
37.392000
40.271968
376.169709
137.211284
20.418929
49.611268
61.932294
7.246088
5.973714
316.221629
197.735360
5.332019
418.882040
81.325173
201.033234
83.577807
2.655214
61.895159
258.689960
51.253955
2.336458
212.304614
112.582311
30.254696
1.021949
55.941579
52.996301
115.411114
169.892098
294.410316
66.782991
426.409154
93.102507
489.992618
288.271267
46.285635
337.946491
0.000000
101.977341
19.500611
12.429968
129.516841
139.874891
168.956950
69.986828
111.968304
102.790336
1.459521
23.750108
12.681685
152.587227
34.787672
12.041341
138.801090
8.149377
512.691186
46.706595
52.019322
50.147542
97.678797
72.104186
130.575247
289.618022
20.734567
10.442675
178.766345
31.675598
2.601374
161.751655
206.641249
162.822416
111.566798
9.871041
175.360401
15.425214
207.971189
44.917412
177.553506
116.773116
121.207951
40.384216
0.000000
8.327730
66.043302
228.660652
672.569833
11.612497
601.183810
172.049897
27.232652
703.887115
87.307687
71.582119
263.571403
224.298374
78.351384
32.616754
0.859045
24.232826
53.352732
63.599896
21.099296
11.130161
194.777975
21.347122
149.720773
11.765166
154.151162
15.329439
84.830914
168.508379
29.659459
49.191621
50.362138
79.451935
299.941632
127.159588
164.352908
22.198436
5.371484
76.512983
125.387088
188.863329
193.370873
65.578222
36.104293
0.000000
37.578911
32.853285
100.064741
204.129714
155.252457
118.140558
37.350698
43.467133
213.782169
269.051547
44.990161
148.761388
58.930458
68.448126
11.550545
60.903785
138.322291
300.786230
105.541080
87.129640
543.755333
0.000000
445.504766
95.160288
208.724951
196.876529
120.464120
93.769368
87.337381
28.245316
22.726983
61.930531
58.370339
12.268003
53.536638
109.656006
79.479521
39.933180
73.740230
9.243233
35.897310
6.707530
215.665087
37.162623
227.582086
373.359034
101.441820
115.958972
100.094643
745.964567
28.412198
110.607766
58.193570
30.014659
148.635551
211.723284
0.000000
307.969482
57.480144
114.901835
13.040805
115.692807
49.210252
3.522155
20.587819
39.728393
52.527215
79.618185
44.911056
0.000000
1.817469
22.330972
75.963533
28.855814
17.039139
15.304317
30.437827
24.466647
108.096698
121.282316
31.699732
6.682410
145.008444
148.008900
60.747763
48.046239
154.760805
225.342271
263.634835
47.617953
35.272253
28.251065
37.375033
9.390438
134.071460
0.933298
43.845287
105.862980
301.967732
112.286303
120.114032
150.726966
163.341497
27.689468
43.543581
0.900614
23.683838
226.356848
133.484800
52.240277
15.531372
5.665334
11.005487
37.569370
94.337136
265.523357
69.665115
48.308130
0.134020
59.486907
16.894590
11.405523
93.432360
102.757009
88.417973
140.897397
30.880172
196.907925
202.188700
27.665370
41.046353
57.926768
18.677871
33.842160
61.717729
16.867683
4.803692
44.063792
60.837442
15.579694
29.669867
11.863292
41.605333
30.797956
0.000000
118.240382
223.749755
267.090824
41.776887
64.038000
19.255202
29.582374
0.977025
82.659891
55.171700
46.115450
29.230438
107.732610
35.795082
60.907117
92.047058
2.668224
158.478610
118.951092
74.193488
19.007668
12.693400
77.981347
6.449170
470.087031
22.748874
123.206133
156.543614
59.088289
68.887458
31.203968
16.286981
8.248124
89.348631
409.059821
206.405468
20.457811
213.304092
196.266442
165.463439
33.534750
169.736487
93.289553
83.179704
79.116484
10.726021
62.173539
37.201941
98.988382
9.212654
15.433278
145.349905
295.800703
68.589733
297.060031
151.685590
58.460413
133.495822
581.282358
38.447975
15.636430
110.358150
62.933776
129.292650
25.984682
15.441296
15.487833
129.516065
183.043600
516.742506
376.517719
22.544791
181.031752
53.386481
91.369146
40.203680
909.026872
15.928167
471.471650
181.346929
76.834257
38.407203
32.561062
192.328359
25.109474
386.443464
18.814350
10.438584
54.387696
85.103857
44.477537
25.241065
58.066727
70.308328
17.154780
38.743150
43.920211
63.918156
295.296301
12.187799
167.280646
2.962412
254.674927
173.268581
31.783487
27.956976
50.352566
55.927323
112.409028
12.853063
85.211410
15.299942
16.724311
50.851303
75.937649
50.953519
10.107302
29.750038
55.248544
213.321603
201.618482
7.524107
32.024415
10.499174
345.079397
209.021866
7.597450
55.947322
283.582191
67.281935
201.098908
16.626745
203.869769
26.450823
66.821690
120.141155
113.399584
109.945369
10.497738
85.723414
0.000000
59.545476
137.567800
553.085979
5.607775
33.332072
307.095275
223.949238
89.441109
61.405205
53.314737
150.983005
564.012033
855.396206
13.274074
267.807004
109.691143
29.669867
341.651496
355.716641
32.929911
358.318279
13.748744
50.771303
5.223224
79.396335
186.787699
13.050006
54.419331
79.907856
113.165947
154.827521
159.606057
0.000000
50.475950
28.932737
170.254613
29.110468
39.408233
201.963926
14.642750
18.695359
25.286530
78.045009
96.818439
30.241693
49.704259
19.496025
10.287881
15.092546
5.565467
7.537738
99.612204
39.505471
14.222577
190.606598
14.183137
37.571123
5.274744
11.052784
18.374795
11.300517
0.900614
406.268302
119.657198
121.027968
186.264853
191.205795
38.276822
211.421020
86.032711
312.757710
10.313033
8.800819
49.415935
143.069175
88.785599
98.747696
80.433026
22.838604
18.231286
279.961155
32.904893
129.672901
130.945679
10.313033
19.746421
150.645876
4.922176
114.165946
4.851792
222.483693
153.730027
29.362394
276.065318
16.262046
100.879380
23.173525
44.697402
44.331610
224.467097
11.605870
4.806924
116.610528
1.801757
77.682780
214.491462
371.994519
68.492442
0.000000
67.412965
24.689958
21.650950
17.758223
52.675393
221.105451
159.853656
229.786462
229.605669
0.000000
122.903987
65.554223
183.464674
211.350460
377.351979
20.047863
3.357084
259.773410
6.595806
138.659241
108.229590
173.141062
11.648621
43.270659
44.031108
124.801721
14.599113
48.421491
150.418691
4.851792
3.488438
171.741044
10.670808
226.850358
8.449880
127.600977
10.757469
78.512587
12.997332
46.020821
25.622621
28.688318
21.585651
103.676865
29.899019
206.045917
38.521088
36.160434
37.123378
0.274798
85.274177
101.479883
10.447680
23.740922
679.227665
333.402255
138.885048
23.015320
23.753894
27.542356
49.292043
4.526751
28.669981
82.487576
19.161812
70.642073
230.314517
8.694804
2.519102
72.804025
61.655885
56.322377
449.393305
29.503186
170.993142
58.374029
50.208703
78.563021
96.853938
62.032602
74.418199
81.880351
116.999922
442.357356
112.686952
42.076799
9.415115
16.824316
12.705182
109.410907
8.882780
61.297507
330.505048
334.839200
330.368902
5.144673
60.989241
170.276203
12.545112
115.143583
188.858058
87.363574
131.223598
173.915099
649.815643
75.851372
252.049096
212.549019
123.296662
87.400750
18.294960
15.777181
96.938853
83.424412
179.507986
171.361395
27.538886
63.803790
48.431739
4.149812
85.784868
5.600599
194.124566
0.000000
338.848997
167.134762
24.246500
45.091402
53.214299
112.496856
51.066694
113.438302
246.902159
167.068597
133.077021
45.693226
184.621319
60.839351
208.056985
49.884619
78.021987
32.717805
0.000000
5.568825
246.657101
98.205802
274.889531
137.491048
218.537411
130.633734
325.578769
186.487407
66.985087
16.209964
30.935430
105.560253
37.416541
127.034986
10.668137
43.710551
79.431642
51.439295
158.906070
212.379663
150.882208
54.717949
2.308899
45.548263
253.283145
268.312841
49.706264
36.139724
135.289862
0.114016
127.296233
210.591562
32.014909
135.709647
516.228161
182.620923
83.307962
5.295609
143.053333
175.991454
169.687919
14.493570
5.915721
38.786615
31.977099
45.230450
0.422051
0.983426
154.891978
26.310792
45.172766
176.850571
209.798604
147.992247
90.401043
97.565773
72.764295
38.694765
10.567714
24.387967
332.257307
0.851066
23.568488
128.636538
129.675502
185.905699
89.826235
47.459259
69.584733
24.901278
44.329568
74.517946
114.150136
6.683550
99.747823
3.846275
227.760584
41.583066
102.129650
18.924957
279.676631
172.846541
32.426230
232.753093
90.977636
94.098618
115.202360
90.162730
56.479954
251.585328
730.523944
513.409120
693.574688
22.196911
51.756442
15.482227
779.216302
0.558552
105.344642
9.882812
87.731288
95.778442
110.185190
110.130375
16.331857
79.602371
70.129165
154.598944
9.210025
31.936326
274.831024
363.955703
222.835569
82.102656
113.749641
20.876202
191.691428
0.000000
83.202931
42.183169
48.381485
156.519441
236.028961
43.070373
16.786695
44.053541
370.442142
272.452003
19.164482
11.637642
61.695109
78.227770
20.640809
38.033118
108.400146
89.093928
26.252135
145.145096
199.863388
182.527097
55.131953
3.663142
53.063158
64.314134
16.586400
160.941077
109.756356
126.964103
52.076307
8.129105
140.626231
30.829854
73.913611
6.562310
71.854435
58.634472
65.901450
234.612095
35.330058
21.524300
95.507085
251.660328
102.180832
55.446750
123.518345
38.471254
270.431004
167.605415
125.591168
31.582164
196.824187
4.798352
130.360204
197.352553
534.743824
193.331982
20.836117
186.538273
79.245375
267.288014
118.022918
339.678892
25.163787
29.191296
91.025160
161.888618
15.819175
34.010598
1.000343
149.591759
64.320751
0.264692
40.385484
119.349513
37.323847
5.296969
115.002620
118.636981
200.312665
42.671573
14.716332
34.658874
13.985846
5.982982
195.462047
79.242936
12.986209
102.565461
15.388944
34.614939
297.738349
38.889357
156.115445
80.770564
45.544437
138.572666
29.090751
34.370501
105.384756
72.722459
333.855236
12.581725
13.617066
17.926935
429.370885
98.478102
143.438688
137.804094
20.700416
18.606012
125.538806
53.862416
30.834554
155.643532
83.121952
238.691197
5.165690
21.127651
4.417974
57.434590
166.083605
78.777992
3.947346
150.261163
38.103173
179.217819
214.045310
259.277646
0.000000
295.641621
262.767053
56.387291
10.313033
0.000000
52.625705
30.371260
56.569411
111.055576
12.972252
23.994895
125.499443
103.312941
169.487744
17.264904
58.094760
48.451432
79.209619
425.573568
200.326129
122.682446
175.855323
274.868489
20.487619
20.903766
93.828606
189.270312
18.766530
52.171836
29.021784
123.901139
4.107128
439.359041
48.599000
15.471143
91.293019
93.194530
112.837050
335.890026
179.897637
13.145440
42.882388
42.909963
10.147235
323.065588
34.910125
187.206763
8.779297
107.094960
436.871645
43.119202
43.153890
740.881428
244.120772
287.437468
50.598458
238.342617
351.599016
48.707148
327.838326
268.444359
113.326680
24.554824
27.866899
30.297971
217.577145
212.234249
3.780674
46.953954
34.764640
263.485327
249.829889
67.456708
29.669867
223.135716
163.246427
77.419703
3.788000
285.029565
29.397502
104.645028
57.546295
47.357147
13.765819
125.284024
109.493079
0.000000
281.986394
1.112591
51.661761
13.293656
2.201800
15.798630
191.690681
25.483052
428.820715
112.399475
158.823803
16.683688
23.105100
14.546089
8.337621
6.739284
43.666476
131.981795
129.337525
92.666701
102.724513
30.098099
19.720471
427.123077
3.488438
0.000000
102.776230
26.024085
291.824724
56.448053
180.995405
23.817132
99.664012
220.803699
9.526480
88.184096
35.788317
460.595404
260.358526
66.562108
76.183753
30.844698
56.817474
10.822543
32.761255
70.044461
366.173945
127.019798
77.566296
172.355627
13.511748
205.465524
164.179595
75.886674
346.582105
349.927855
5.854405
23.844008
5.523174
110.866458
97.940347
13.650265
36.165921
6.099139
109.881195
205.835779
88.045700
40.795654
12.192001
68.300988
2.018690
62.941486
35.955980
140.363875
45.225717
31.794578
530.667326
193.895600
239.339149
28.520410
246.407146
112.667619
273.438413
417.286662
22.920580
36.988092
11.372174
138.865232
214.023799
52.784576
92.093018
115.490748
2.985575
169.231844
32.250205
44.647938
46.269881
217.883809
82.518928
31.896192
483.760578
134.471165
159.149987
504.985744
260.233479
11.146136
8.023032
69.281419
59.348380
63.375997
29.387511
45.291908
418.613793
20.282651
63.783071
98.756098
54.615725
58.149612
61.759140
401.711303
180.206448
112.933272
136.929807
60.232161
31.826059
9.615759
7.817450
0.000000
39.741756
82.328977
399.081096
27.903707
25.303596
193.077776
250.120683
215.617551
24.746734
3.872172
114.525368
620.277413
60.448611
360.187998
27.949313
27.152791
49.444978
35.187526
10.634176
34.781755
20.553366
484.198879
78.867242
71.865932
197.772374
112.020856
378.218551
42.613304
41.814821
128.074362
30.023370
21.948609
128.264423
179.517042
165.093055
48.909053
215.274961
95.226329
21.296125
160.244007
95.607531
9.258334
6.092199
4.864539
57.207771
244.546322
259.189125
108.030811
20.551879
21.222586
62.325335
60.676181
203.780192
456.310192
70.655272
199.971097
27.895269
67.191891
33.676171
9.663561
76.202574
240.025284
39.155491
199.604353
0.933298
1.299272
49.435553
92.401543
54.368464
57.767268
82.735222
67.989551
260.744232
0.675985
78.233572
86.457932
56.706417
178.442724
6.443248
150.266969
177.636096
4.812887
51.312571
4.402943
89.624033
43.233796
122.199350
20.499241
134.642962
29.800665
23.556770
298.055034
67.616944
0.000000
182.217121
157.758270
121.367724
60.408794
0.000000
130.666319
353.491235
39.226048
21.760554
87.413150
133.849776
176.446844
47.223362
236.020372
79.984796
750.002528
73.607105
80.126084
229.072816
182.776827
0.000000
6.523551
282.716197
35.805743
70.795804
239.147725
108.688269
18.922067
91.439425
114.198082
14.263193
27.738895
45.024107
8.534674
37.451918
226.463343
64.835258
5.141552
134.249062
12.718265
46.538926
26.234385
69.327696
18.018445
642.684224
115.549716
98.495203
486.790405
498.385562
0.190230
125.864364
0.000000
107.052911
117.770037
67.643497
37.174036
57.996169
17.540563
497.578972
52.966425
174.059844
18.592212
106.239656
42.698473
14.646703
104.309027
28.886950
171.106280
118.925349
312.437546
114.279878
172.447845
166.731176
0.000000
20.915886
117.623096
49.656857
2.482399
17.774653
58.819540
132.681291
0.000000
19.147526
250.653781
54.361860
415.004309
116.179845
102.946517
18.502387
177.189142
0.710486
63.034180
854.344175
33.138293
220.338698
127.879516
555.753594
20.963175
98.128731
95.535009
82.907437
170.576651
98.759125
16.207732
18.186897
101.386079
182.372403
114.084573
59.409096
126.598317
107.521795
37.299384
16.799635
53.898447
324.429434
41.327314
235.541582
36.863313
282.985306
448.625415
23.710113
5.932943
233.852328
156.977280
27.934642
18.975920
144.030253
210.667022
4.858786
179.561741
23.626107
4.167930
103.682733
363.536167
96.036604
48.998219
21.866674
68.918825
66.259522
60.706315
53.570724
24.786413
95.250168
36.884409
4.726782
37.696592
44.833408
13.392741
189.296925
18.196544
45.429147
42.637808
116.375506
14.907452
237.217620
593.344062
294.753674
203.401061
93.743006
244.593107
112.665305
53.824185
105.048566
449.656068
27.407883
71.384179
214.275202
389.122125
29.959647
230.285218
26.102112
55.319757
28.080703
8.341546
233.797307
26.884842
28.669613
252.949763
67.380142
5.154870
124.291144
400.215918
61.354975
103.429179
160.409680
246.517770
14.034892
49.207603
10.792640
67.820528
534.757039
104.567820
31.396607
8.971985
185.461529
839.407240
79.932498
194.165211
232.626119
469.030237
52.614464
102.297941
24.001351
159.393479
0.047067
13.036115
2.363398
0.000000
80.816851
79.686361
519.647962
160.200168
17.630131
319.918496
5.733216
12.859494
19.415298
63.668758
80.431399
13.169361
200.737523
220.786567
159.407299
49.605425
142.695728
0.634617
96.423947
44.203771
145.482226
52.932129
30.124437
58.139394
42.014305
47.859559
35.280055
120.336157
74.588024
96.095553
141.291737
147.868305
113.574443
55.290395
57.456270
9.462683
92.672530
107.045553
22.911458
49.463299
236.968978
20.728706
80.832347
64.523695
42.104656
13.526653
157.725097
86.876269
97.595960
134.768273
465.352534
25.070924
172.506255
71.531463
37.573084
69.230345
46.328180
79.859185
88.398175
64.579749
92.019532
66.619765
70.983944
53.096500
62.138531
30.105413
39.969528
220.891258
21.034050
19.003261
9.132471
50.698112
52.580914
12.730940
28.582078
407.567290
16.583693
371.993232
19.187279
268.548908
30.774438
3.331062
39.580113
151.954133
45.443289
128.071617
81.327654
206.086669
49.266578
38.581740
22.942897
19.745580
146.969172
7.252774
24.303858
39.679624
19.094714
137.146656
48.508857
13.958519
8.685225
113.667870
714.000453
0.976861
42.846722
22.199236
379.490806
61.282235
12.835816
72.624901
15.868543
20.089554
22.601814
64.674715
74.436081
17.699344
73.785825
6.270918
9.181159
49.551286
27.240639
49.798134
45.182311
60.388302
24.095275
55.171105
502.746743
17.905498
614.336625
12.044680
170.012743
28.738398
14.693776
24.703352
120.952234
10.281710
36.171931
137.585433
37.351044
38.730622
13.578450
493.601149
473.405656
21.182400
21.825264
1.267391
52.324171
176.572033
212.147330
116.554727
565.853233
370.055645
202.439229
39.286287
28.544018
18.000915
32.010917
391.844473
0.000000
111.978037
172.362674
14.723464
8.611708
24.070382
37.209964
16.780199
69.399690
42.812159
10.857027
93.768559
44.964557
656.990703
53.084092
156.905063
43.181627
37.466022
14.200389
23.730931
384.662521
27.877523
105.254704
6.599685
0.000000
41.100114
85.167707
49.853868
19.691054
50.242413
172.901321
49.725221
38.454445
54.079517
5.096448
22.086988
45.253890
23.851266
3.277753
471.302180
423.583661
128.973302
104.508161
13.002484
95.148559
219.195567
75.396334
29.765108
127.343051
10.291965
187.636509
101.287638
0.213759
8.590164
6.789836
57.827150
168.940988
64.318137
183.412806
20.446051
67.943247
9.050283
86.090737
287.746265
60.673431
40.736220
394.017093
247.148720
16.754194
186.988453
36.628533
86.757859
10.308124
22.074668
57.681688
217.941914
68.840847
175.074625
16.990578
151.748674
91.158009
241.702842
338.999913
174.398791
46.783828
41.333691
242.571304
32.065190
28.012979
66.750342
116.489402
30.940387
171.659510
75.110835
87.133177
260.742592
493.243243
27.537452
190.302874
360.963385
179.452925
8.057025
81.730044
436.113796
53.320894
27.678492
199.762120
143.347504
28.625304
106.652858
315.349434
164.527450
55.946738
128.844795
102.078975
201.448976
38.914330
194.579607
12.193906
43.574691
0.917292
20.065187
173.176179
86.343926
38.092795
48.535152
48.137651
49.832294
69.626630
146.928055
20.528631
49.419737
52.413482
153.611670
52.700224
159.026209
6.270918
41.254127
73.895499
23.482900
23.711733
120.205563
147.136505
126.957097
278.467592
20.269120
0.000000
486.959695
153.171263
636.249552
77.733680
358.304635
139.449252
102.680542
40.377491
9.812526
64.985805
43.385366
96.659537
141.400251
91.446831
40.155123
38.656502
119.773370
184.807241
959.494828
22.273145
50.145187
32.438924
64.193350
97.191215
155.766584
31.822186
73.209551
409.751816
365.157910
28.551185
467.097420
101.878907
18.524679
112.475305
3.794318
38.475436
31.032134
54.334638
38.978189
194.712146
117.897268
263.624317
66.969985
143.490944
55.643784
153.770432
18.183059
76.540315
192.340138
20.714529
24.807028
201.963926
40.288943
48.762351
30.363467
83.460021
30.739738
146.709888
15.322176
27.116498
61.302693
94.201827
27.944783
57.118507
14.419825
62.797413
98.293316
220.226062
258.665655
23.340824
22.607531
23.557094
44.089505
24.566385
58.576533
365.143959
70.654204
8.722121
21.177618
85.684667
157.293055
69.067995
41.015716
47.918921
93.318437
51.178260
350.180116
214.210794
0.000000
42.851754
302.182993
290.623974
215.742682
125.145820
29.512086
433.086625
259.479426
23.732805
64.981838
40.484154
5.814908
70.650685
217.238668
45.638629
30.378592
61.520010
71.386149
82.963165
17.989253
490.651319
94.394376
12.675079
22.260563
102.870335
77.708261
3.206759
30.757679
242.156289
70.689158
250.690679
9.816223
62.023364
34.955654
172.348362
401.465388
122.205712
30.131598
117.718503
106.201736
12.469222
557.520709
448.589611
123.416534
6.405275
31.553025
3.526538
33.562735
16.399509
56.655358
14.693776
132.870159
18.816644
17.494082
73.502714
212.277096
16.891074
63.579176
72.850080
29.799880
111.873134
95.631933
21.873351
103.443334
189.524562
274.833191
15.288929
273.438727
29.777612
162.849868
114.624558
0.000000
63.887673
336.252324
274.115643
517.786126
143.041515
12.570606
167.583858
403.220697
36.124436
273.206945
21.016355
111.892873
32.630575
143.634236
9.843253
111.593181
8.337621
10.083854
49.920152
15.777492
318.442727
18.765821
235.627355
366.029234
160.514066
45.279119
98.527060
53.812819
41.686173
646.541088
48.700412
63.029314
16.777071
200.898729
34.888413
53.903827
41.668525
328.042282
82.768212
92.396112
15.700224
160.652324
201.640897
98.403141
22.838106
45.802281
280.963857
359.512668
69.184186
200.099050
21.298450
28.701569
54.555686
35.654718
26.389829
21.314286
15.252206
112.807400
2.326682
23.442817
111.906797
97.248899
50.720410
102.272011
17.968073
119.745273
24.345245
545.268812
111.638121
187.085697
47.257234
26.146634
3.278954
35.551385
7.980888
23.405001
9.607830
104.368314
21.882028
76.227437
74.644496
88.332153
206.587674
189.475270
78.910670
44.717704
55.779396
39.077028
74.145664
173.264131
60.093331
173.523494
58.766276
81.100545
271.134556
664.117452
166.417593
56.869812
13.846256
254.663680
206.643772
138.769121
26.755467
52.603287
74.214167
577.978404
14.127792
106.734615
207.775377
43.520698
21.180812
151.770783
41.231204
29.328091
1357.791335
678.811377
191.696883
115.462992
27.297699
86.683179
18.260458
16.236054
48.877542
155.545093
54.595317
11.891507
232.830804
184.547855
289.155236
12.131164
33.065567
224.209198
288.277557
33.073541
82.997006
87.486431
626.751672
81.236691
34.469610
166.036532
5.545652
207.405757
73.783529
42.178974
173.040343
20.843615
29.995011
20.000347
66.751299
105.369172
196.513058
3.005819
70.753297
223.025934
49.765055
101.986298
30.925331
239.240830
144.012586
211.391096
349.242844
20.110174
15.710049
99.395878
60.818667
164.923663
35.046950
26.760051
305.945849
18.997409
136.264041
50.149296
24.652163
57.331646
173.975467
24.624326
522.200086
22.906199
52.388340
22.094655
80.244538
332.144056
42.183379
41.001467
2.830147
237.290675
13.827469
148.153189
11.521089
0.000000
45.726483
38.646318
48.639659
10.031900
32.810832
127.138681
36.499505
36.529112
145.243511
28.518188
86.932428
91.023424
453.229734
129.438678
148.893767
27.376776
75.112263
172.672201
37.534296
16.951061
10.166382
172.846057
9.847887
97.346090
32.027135
290.759681
54.397374
101.681275
56.880351
168.450095
48.508884
23.571041
424.521411
61.634293
268.921142
43.692116
243.780477
112.898419
146.642482
275.750740
203.434290
95.423574
162.958398
168.497385
86.364213
260.845104
97.363157
89.317787
46.415684
116.956313
11.247788
4.967001
28.921368
178.841553
3.735690
133.318672
79.145580
234.474448
89.528162
18.467191
14.910534
223.951232
66.331065
109.925637
28.674458
97.891410
267.366075
177.448314
43.947993
111.340112
19.665701
17.836958
3.816702
45.749574
26.369967
28.218065
4.464373
240.756370
60.949190
222.067098
5.265871
99.480759
60.767872
16.431684
474.335497
25.510471
144.255798
667.647271
43.065340
27.392622
162.129081
13.639055
118.378811
4.262144
133.410586
124.342246
470.430743
121.305953
2.144691
47.970551
47.738864
56.258701
30.152607
54.812368
85.574477
54.887173
12.411583
7.009792
15.623473
31.711017
55.924716
307.067902
153.321941
241.718584
96.474991
126.111388
66.720806
60.476791
75.446646
5.853546
154.439861
64.835504
468.648804
33.196466
17.830817
59.808561
200.902140
62.032602
25.229861
76.470398
44.832519
5.015936
425.988007
374.807498
425.175919
279.420166
64.932082
10.534262
78.822016
37.573497
373.583182
81.763434
149.734152
71.842152
57.491346
31.124327
89.422970
138.478434
74.815680
102.419752
7.986005
30.455086
2.695263
26.048819
88.401761
33.175414
3.071478
29.814669
76.835654
256.197025
192.724807
164.445677
276.703452
66.677532
71.147046
222.996740
132.442664
10.144166
52.457845
6.349646
8.441636
150.772274
144.984729
3.674379
114.867708
29.244254
39.421342
74.436596
24.361456
49.497178
72.829894
195.629382
50.980363
75.774659
32.162503
158.132444
0.000000
70.696727
123.239098
65.443395
108.987988
13.109815
85.683081
49.663787
41.464499
38.544223
66.264997
68.422113
140.760850
49.889707
25.342526
53.485223
14.910534
170.474099
85.395229
315.261591
36.726674
31.476606
239.995863
58.974805
2.964048
64.881695
108.943260
536.887418
253.889273
136.272845
33.767351
15.830670
83.085045
111.986451
137.642969
21.291792
197.420195
144.811355
38.062160
33.947675
24.710025
213.112055
37.206475
156.516186
126.055389
5.095551
0.000000
158.215396
153.638133
134.594455
14.940044
23.902509
0.000000
0.000000
122.988597
184.979452
102.977186
84.225780
500.403736
179.886077
104.573604
22.812949
97.970267
86.691824
247.495995
168.122704
168.417140
39.119051
278.996740
57.259127
12.945949
12.762514
7.803306
15.092546
26.501480
167.178832
0.000000
0.000000
292.145033
15.710049
219.269926
7.945974
49.140539
