159.701187
44.909569
76.926849
8.126968
328.142334
71.928917
90.297470
61.115749
113.832222
21.014790
541.857727
1.175309
102.493744
379.217987
423.083069
28.637445
15.389721
100.447105
41.880665
209.802109
104.581406
501.934082
147.817535
23.774988
3.440710
2.965965
13.992262
49.114895
8.941216
84.673683
62.726036
18.169952
184.941818
108.611488
93.298264
146.138885
361.467194
111.436920
256.241425
39.618855
10.421046
64.195801
21.032932
258.923767
21.142197
12.339184
16.183317
19.884783
26.921419
1.173234
60.709484
47.470161
4.188748
111.844681
246.084595
33.379745
13.844978
16.006163
58.577541
50.383434
43.007336
134.725586
54.734371
399.646149
63.263454
146.127502
161.282532
91.546562
113.142052
23.827908
249.216904
117.924820
11.816477
185.407440
50.787525
131.866837
67.889999
52.573315
158.028564
59.736126
29.134117
114.749878
22.440842
137.027206
44.886337
202.744415
273.948029
64.220337
87.652596
77.165062
12.958841
102.696198
109.434181
216.680725
52.319988
92.661789
20.290522
32.740654
19.990753
79.829948
13.281114
77.872330
22.758850
107.162338
313.144287
269.352997
515.472534
215.726395
54.405792
25.037539
33.611633
341.611145
6.329482
35.099785
70.960037
39.014988
100.981544
1.415070
30.185280
21.814901
209.456604
232.546051
42.061455
68.969521
216.807556
30.132034
26.432718
162.444458
492.856415
19.836514
86.753639
28.516178
7.485871
18.996325
337.107117
96.961472
33.484730
160.749725
74.701279
20.308849
139.134781
22.918333
115.297272
42.538200
38.583866
50.799156
148.901855
172.628189
62.089600
1.173234
143.375687
36.359478
177.686768
49.211884
9.532548
77.726852
1.377504
67.925377
144.935806
103.128311
77.822906
166.826050
29.741354
186.959000
101.339409
94.844818
7.557299
191.684586
17.036938
119.501617
176.970261
352.579346
52.386208
34.849831
69.913826
66.616371
3.576823
204.768158
31.207533
224.397202
59.590874
27.104790
256.185638
124.834824
168.068588
183.675476
345.279480
101.213692
185.356934
364.768829
145.864426
1.377504
12.750690
31.985100
186.205841
23.729980
62.211597
114.456459
24.487722
231.284500
176.825562
43.228741
50.797031
130.296524
20.239679
205.903244
116.606850
30.783257
74.869308
46.421680
43.177277
79.190414
73.846741
34.277168
20.160215
111.320343
20.124708
591.885315
22.569506
93.131897
123.546608
156.616287
9.225492
78.373520
44.719624
211.430038
28.033426
9.112688
161.856949
23.160685
23.519773
46.469212
946.076233
134.135422
201.383591
194.310486
133.803696
43.092079
42.591663
29.225744
77.246613
248.509827
10.471803
72.227554
22.310530
191.167664
82.192352
24.866247
32.619961
514.264160
17.744860
42.878071
25.611790
118.351646
2.751037
66.547653
207.456238
28.175547
170.070068
69.929367
113.225304
26.369160
334.281555
487.485229
36.878895
7.861305
6.062042
27.997726
41.903179
12.323606
78.812454
38.000031
53.730366
89.030563
9.842594
32.516220
105.290398
45.239502
290.297424
64.778671
30.001949
112.862358
63.238667
12.928281
25.455610
10.580551
26.676235
144.174896
149.276535
46.249775
155.994949
23.467093
19.763678
147.778885
254.756622
94.266731
91.685791
71.714500
1.173234
111.573509
17.629374
155.994202
20.480997
14.094124
105.886612
371.472717
128.773376
14.635181
464.146057
28.388365
59.098400
31.914927
67.598412
39.933094
20.009886
273.269958
52.285797
42.541553
1.173234
176.992935
500.145935
412.226105
125.667961
78.605385
222.742432
7.557299
117.240044
44.003693
243.363449
2.900128
217.763016
42.307190
97.926941
214.436844
35.802780
36.777092
43.731239
82.352165
55.314548
53.860935
86.821495
1.242403
49.718571
98.098289
23.392900
37.696201
144.552307
22.815857
51.515060
101.187881
291.013184
1.173234
97.551308
391.929291
59.566765
39.535873
8.751907
16.688250
58.101948
124.018372
97.577042
4.298249
46.319786
82.553635
3.527771
26.704590
301.615082
32.357563
74.030716
55.981182
31.483854
20.513882
1.242403
32.683578
44.663475
149.014786
177.528564
128.421005
52.505489
93.221931
46.942898
38.499992
5.450212
49.193218
108.667175
103.172791
445.582001
119.492340
51.853119
235.424454
11.376151
21.090780
160.515961
109.196579
31.871058
249.718246
57.257233
58.787487
84.494225
21.910734
16.999872
8.176352
157.456299
456.960999
127.189484
84.705193
113.309509
245.736893
37.251480
474.507019
10.655924
428.488708
2.731479
126.151047
78.255814
260.845856
24.100451
97.198608
118.861473
12.910702
31.164160
67.137833
140.227371
21.727592
40.320660
17.323378
14.937912
101.688866
108.850609
203.686417
133.915253
45.550888
3.440140
133.133240
38.810829
57.443436
142.716736
4.241372
77.414581
61.597286
47.076740
84.958359
23.308510
231.487747
471.283356
19.623716
33.941330
35.805367
24.317390
104.037781
33.592033
24.571400
133.952057
157.176208
49.325336
9.984318
37.488979
101.306267
2.664899
103.407631
781.007751
302.463348
8.407417
66.050224
68.880081
7.085847
176.865936
36.510078
97.581245
14.240708
34.301384
103.216705
544.703003
113.792404
72.985970
22.682692
105.330322
56.331863
130.689407
24.598732
1.106139
8.427221
8.754267
57.032227
57.548908
447.699768
101.881760
15.964270
22.135069
133.257111
75.184364
226.915924
380.170837
4.188748
366.095551
339.343689
3.510602
172.118805
39.239700
46.580936
210.162628
611.017761
42.171806
22.235191
13.003865
602.417847
110.451500
1.310410
51.708023
165.531876
15.300869
39.859871
13.310791
71.653305
34.703136
268.992615
114.658546
53.529564
58.389690
8.135212
59.825142
1.308240
16.183317
44.090134
116.209518
48.475315
233.718475
53.554489
67.654488
39.940113
16.520668
189.616516
101.095879
80.202744
46.176998
21.884180
110.439796
79.343712
9.047102
82.775360
35.171478
286.318451
89.386536
22.297731
280.575592
8.463047
27.430984
45.944477
307.885284
41.527489
41.969120
342.304321
304.118347
123.013260
62.908348
337.723419
146.391876
21.567699
51.801952
313.017853
14.911188
9.619017
19.298191
96.216469
13.971069
14.510858
19.701462
31.381901
51.393154
55.186447
123.123360
22.850212
101.566116
134.885269
243.541046
20.479294
498.652008
151.154068
77.505417
45.332500
15.501853
180.033493
142.539139
9.737491
29.297291
445.074310
15.189248
87.411072
87.206215
225.971069
25.343311
196.610489
155.374283
78.608795
79.065742
222.395370
32.773701
44.572933
321.273224
2.665642
48.087379
201.537643
51.203083
76.231544
99.999130
178.869843
345.365631
215.051529
27.453690
69.780655
35.958138
40.312569
80.055420
44.601318
106.160362
529.113525
13.399616
48.250900
27.603199
12.245432
65.433105
61.360611
36.088985
56.416492
43.674244
561.416565
27.762190
106.247360
127.114487
40.716377
132.950592
244.581619
98.829338
253.526382
158.607437
78.884773
250.286209
36.876415
10.916715
34.322781
243.107025
333.775909
119.246292
52.232761
24.944170
32.144779
274.655457
319.143646
126.969368
87.163765
53.012291
315.211487
1.242403
60.129181
23.255438
99.085953
34.484329
24.191946
51.769669
46.676270
594.972656
23.399998
42.718586
16.529764
69.391838
19.203600
26.450825
77.442535
57.268593
78.245277
28.998302
23.494238
76.667480
47.371498
9.274453
80.413681
29.316397
71.872620
192.970444
8.847530
150.497589
7.526387
59.634441
38.162052
9.344177
28.193665
112.583191
42.704559
12.994117
9.609530
6.731988
56.911690
135.482437
49.458241
217.478577
195.069412
274.580444
182.362442
151.672180
106.864967
62.507229
21.004852
86.330841
283.544373
151.881897
6.062042
2.883969
89.465233
89.051651
92.295921
304.824097
82.345253
109.847672
54.870171
7.428594
199.493469
8.342929
44.551937
39.810886
65.900909
60.288765
148.901276
56.810074
104.534065
55.898071
197.003952
218.987549
83.876991
56.262882
20.006582
28.506014
56.752750
96.578209
147.679565
89.802414
218.536499
225.575470
211.771698
18.984612
11.998583
136.387543
6.234774
58.492310
10.998792
58.089027
18.846354
9.528636
171.858261
1.310410
81.726402
59.283604
92.806877
269.539551
392.039825
98.779198
23.051907
9.451509
16.387962
698.987488
25.052238
313.393860
139.993423
28.544670
212.958008
11.634788
13.693271
16.184574
503.783783
3.374628
35.990307
75.845009
12.744463
197.774734
9.696281
73.288101
21.615997
82.269676
26.935085
358.898285
287.316498
35.839603
29.991545
35.014709
33.035316
80.073883
55.662045
125.172142
167.062149
73.455490
17.290905
97.036728
303.932465
72.382202
263.611938
28.614374
82.656319
45.862396
13.790782
144.197800
103.634888
51.589172
107.908661
97.416512
77.350098
21.002254
210.133621
409.902771
29.619717
55.471718
128.172363
227.817032
218.322922
27.950575
9.890291
139.213989
527.649597
84.748795
1.106139
27.065554
41.668697
538.551636
7.863702
21.218784
114.089256
41.592754
44.270115
310.484039
84.798080
40.770569
92.960541
2.597804
121.294609
51.815266
107.483902
176.282532
25.723415
50.130760
10.489304
135.716156
208.797348
11.184273
10.580682
24.284159
68.909676
54.568153
26.432718
280.386902
59.626968
28.151247
11.132917
158.744690
14.337576
4.431180
39.646797
157.681198
55.769001
154.677444
66.152794
164.191971
98.299347
3.374874
10.500652
19.673359
156.960876
169.769089
250.301636
141.503326
4.292841
6.529826
188.775650
483.333832
25.466080
59.356667
27.825205
102.811577
211.393204
4.188748
146.835693
60.817764
13.334591
74.540543
29.233929
72.447777
25.868929
154.608154
190.544144
24.148008
104.945236
22.838139
39.976368
270.691559
42.699913
213.008728
24.371595
16.291765
859.362488
52.328663
152.149261
213.223602
39.009686
26.606493
2.800743
10.305448
131.734314
151.938171
56.148743
3.305458
70.483635
33.972919
40.107979
64.144524
62.745975
41.465378
11.992634
269.704742
135.900574
118.642235
97.133102
535.506470
26.975271
71.247055
150.266464
4.997137
138.725723
216.825256
229.159760
344.097473
8.172812
221.525681
10.241754
538.837646
30.922302
33.920452
148.092224
48.649078
45.449780
112.448891
6.559811
56.801792
181.561295
48.187073
209.979797
87.587395
34.932995
74.751915
14.569350
154.684814
34.178822
12.586507
249.124435
114.136505
102.763588
38.187416
155.079193
3.991316
55.098610
67.951492
60.956825
226.324570
50.868629
9.246403
787.032776
124.162872
34.843441
6.434914
29.880232
234.287476
50.578571
20.657515
175.881989
70.833450
135.116409
293.608002
174.997543
123.088516
52.378380
279.529358
43.795391
72.138367
523.495972
73.950432
81.063866
378.826111
20.411734
70.973473
205.295410
22.230347
12.540874
69.036583
11.973521
166.069702
69.525452
98.512398
23.535099
272.091187
17.269390
78.075462
14.418440
75.782059
8.493206
191.693222
30.711750
15.589252
6.957143
52.426582
11.644255
39.236053
33.387524
62.785305
6.275443
57.691502
178.640564
85.156258
45.106277
132.632233
193.312668
72.072662
20.345896
42.760391
194.926407
93.236992
37.323814
22.672592
49.314610
20.548147
84.578819
116.452591
37.598804
139.596741
47.583141
24.737099
8.585558
231.396179
28.077326
20.290970
6.888021
157.370895
1.310410
385.940582
120.197136
296.894196
82.615982
49.715130
51.251377
119.555626
34.304729
121.002045
31.871832
23.467093
23.426138
16.951900
123.874504
65.513878
222.450531
42.443588
56.524788
12.155246
117.657600
213.268814
38.827606
70.210281
80.573265
212.351257
23.854980
13.047600
10.572748
4.241372
25.066082
10.599809
83.831673
77.507591
19.139631
54.003284
7.249823
25.744856
364.082458
79.946526
9.112688
180.854599
68.865097
63.827011
270.722595
101.566704
26.238255
56.761280
92.136795
596.709900
65.440880
222.561401
94.927017
44.377216
19.364288
34.856350
44.694180
116.051689
69.258560
55.330101
46.576412
39.587662
6.844469
81.603508
49.778694
30.580894
23.399998
14.090570
72.559143
265.710632
78.020065
336.414673
76.645920
37.179092
136.421295
435.593201
35.373978
3.374874
55.931690
3.441723
126.815681
1.377504
51.461864
29.765919
338.245483
72.261475
98.747673
14.814986
103.474350
35.544041
56.334805
70.034332
42.758663
44.192013
170.208542
65.298164
6.174023
102.568176
244.069275
33.506775
144.689514
145.773285
25.089060
81.497055
173.549240
518.166443
41.216805
356.317017
25.785448
52.537148
18.358438
95.690468
17.088570
41.590073
37.107647
312.929565
137.780746
13.754295
69.405296
345.472839
54.641933
238.312561
11.431342
40.792366
255.443054
62.766407
9.344177
60.847515
16.027136
445.282227
62.271072
86.920181
261.618591
52.792690
9.802372
290.383484
106.810104
350.459625
101.394844
156.099655
206.717056
8.952604
310.440735
36.716194
73.348312
104.282936
24.712543
441.357391
11.296123
1.173234
156.146301
47.930988
54.646160
32.639236
70.579803
178.627747
1.241145
49.820156
58.172531
338.709747
87.073570
39.051937
31.434666
31.316448
68.089966
111.937408
9.938573
27.240517
108.874527
31.599764
23.330828
290.681763
54.374569
221.709000
157.559677
39.017544
30.253944
83.122925
35.455769
322.038452
25.490520
61.222130
437.422150
103.177376
20.318138
50.581417
32.881947
32.043087
22.499535
106.733826
448.691467
38.889637
275.776825
124.520813
50.942753
8.523830
140.138855
27.127377
47.048866
25.241549
169.607086
37.573509
72.728004
31.888849
278.949646
211.368622
58.369728
185.604385
26.984941
147.787964
21.292982
85.930313
248.929901
118.798782
268.619995
102.128830
88.909332
1.310410
106.692749
29.830259
66.133072
166.191010
221.254807
62.278656
216.854218
15.134050
20.374687
12.933189
7.961079
488.572113
205.369904
62.492977
82.508118
107.546684
265.050507
339.862854
40.407890
96.808220
79.441635
49.089211
6.600181
253.510178
7.764955
15.550200
6.092028
14.542414
81.560745
14.582821
106.804565
333.160583
56.074841
18.885857
120.535263
28.630695
28.942400
13.107532
5.656222
535.299561
11.807761
99.895569
103.750771
53.209709
72.908859
41.905483
73.156837
27.743063
303.165070
85.488838
487.153534
292.638458
14.893784
33.141361
116.851334
575.301819
104.808899
79.680649
223.016006
55.198784
35.615952
10.753137
110.167419
118.618141
386.996246
243.630020
532.939758
17.439407
146.963547
132.112976
76.537140
23.525166
199.521500
17.446577
20.180967
38.713898
64.428093
170.919128
47.950062
146.769180
52.952072
52.043385
23.535099
47.897209
256.107269
35.938580
215.180115
85.738419
8.228350
9.215093
8.202990
15.442436
44.970055
269.422455
9.304602
60.315392
35.575069
113.656281
20.907408
133.484924
130.430038
87.504280
90.723869
54.965916
36.869598
121.908485
666.328064
51.681454
137.460266
153.379990
19.548225
745.009033
383.265656
313.530273
4.174277
37.636490
34.864452
61.397701
63.237984
33.189594
243.631882
18.553570
49.564377
178.474747
82.147919
5.143947
28.389219
22.552750
144.721527
204.344131
64.649551
19.538418
17.466990
39.913177
89.307449
217.413605
23.519835
39.880898
200.387589
52.110142
294.800781
2.731479
18.617987
72.347023
228.492493
39.143543
151.425659
16.687899
35.559799
3.370970
121.099808
218.361496
4.607018
9.344177
105.930489
29.190760
225.374756
48.401463
101.647194
1.175309
47.737160
34.612621
39.204884
289.988678
144.515488
8.513961
203.344666
212.915894
38.560387
28.467350
198.830719
187.586288
136.363297
41.912605
26.393501
274.936523
128.248306
172.996155
114.219063
268.048096
42.257626
101.495987
218.383545
12.170789
49.824432
225.602554
36.658943
392.747070
6.788865
28.204216
84.504356
77.676620
14.327528
10.969971
38.617268
218.560287
10.228726
27.040737
32.284317
264.939087
38.309982
363.062012
31.102192
278.784271
133.436768
90.218452
197.895279
179.324142
14.617617
27.492773
131.398270
132.284531
146.323990
86.731903
320.758179
21.229401
30.710976
118.181038
253.342911
132.025009
8.126968
37.330933
232.478271
77.754395
85.894897
93.047493
74.436508
12.578187
33.959091
5.707909
2.595729
65.958801
98.135544
81.890114
24.645287
2.861565
15.456260
37.196735
239.271851
61.050579
128.029465
20.906441
23.758738
23.284048
38.911270
73.031845
30.270435
1.377504
224.615631
108.740776
214.226120
447.365723
7.947109
39.598118
35.358673
25.640154
32.105347
535.117554
114.398705
28.924639
29.232897
10.312969
400.065765
122.366959
111.541641
25.186617
19.165808
166.031464
31.150223
395.428009
11.488935
347.109039
36.074051
109.511620
333.845459
33.554520
119.285637
164.103439
389.658661
24.884789
122.862450
224.188461
21.235821
210.472382
147.840134
164.921082
192.568329
72.993820
96.275551
134.306717
100.439835
65.984894
56.757462
870.833374
90.381187
140.093216
157.939194
44.750641
105.404816
483.367981
38.735222
48.757652
18.608679
90.880699
29.152328
20.925503
32.873535
115.117691
11.301314
17.986853
31.225437
527.044678
41.894836
160.922440
168.799484
30.808893
337.696899
44.345367
61.159920
39.979244
416.454712
8.463047
98.461510
95.066711
166.614243
9.945923
112.367882
140.186966
184.163712
34.424492
118.860123
391.100616
30.159586
341.388214
80.873497
111.819130
142.818130
121.616898
65.297157
275.218109
196.171204
55.634274
327.373016
50.035465
199.976578
173.445663
96.759216
82.196320
56.904800
17.048498
42.124229
46.899124
13.930657
379.567627
37.670948
440.915710
197.676910
36.922710
163.075592
75.824066
151.062073
2.876376
142.108383
28.681131
127.454796
137.704285
23.399570
7.014407
128.342758
140.855133
69.587303
28.282501
61.727676
26.859537
120.590286
25.648962
293.262634
213.844345
20.413902
118.232109
4.680499
15.080698
52.683823
20.239679
126.597023
153.587677
24.211535
133.544373
197.718033
40.428238
24.313913
451.070770
12.509032
17.624290
120.923676
359.173981
33.799679
205.279953
306.882050
28.177277
84.647003
32.612614
71.622520
20.278801
75.307785
30.474682
28.961082
20.825106
8.223663
96.241631
627.769836
55.947407
15.861594
191.162918
579.414062
133.144592
56.277283
6.142207
175.260330
321.842590
68.702301
291.250092
41.404453
29.403940
405.177582
103.634888
52.055290
9.832498
53.613640
117.110008
61.192902
17.137270
282.470398
37.144268
65.965195
93.942947
82.932449
123.270958
343.606537
14.107532
87.321533
76.707352
38.725895
86.479851
2.802509
121.122467
37.850060
94.188072
235.602982
8.647570
224.312759
61.772942
362.531128
21.719149
26.666040
62.479290
107.563637
43.841171
46.212318
118.974098
233.486298
49.701000
34.448124
58.725163
32.855499
2.777219
12.863008
60.064430
112.281921
148.304184
29.745619
143.716492
20.733776
193.406631
27.739899
417.954407
40.404694
7.188798
37.049789
20.883841
131.007111
29.946470
107.353127
45.766655
51.412868
43.590084
89.536034
56.057446
111.774231
23.144400
193.773941
181.050690
89.800545
32.260063
8.752429
118.372208
202.250595
512.540588
54.956390
29.162800
152.348618
32.674084
8.775138
96.589584
157.138321
141.893036
131.049164
111.959221
75.442635
137.449921
301.443298
31.634729
22.355621
52.745087
4.997137
328.404083
18.164005
203.730301
88.661522
53.393913
22.035816
5.707909
13.439371
15.282433
50.831989
187.619385
18.672405
79.331558
18.446211
24.243280
180.345383
24.748714
332.967773
28.508858
63.930126
72.443977
25.252001
25.798498
50.731300
37.319748
49.075222
43.170258
14.136142
133.912048
393.666779
1.377504
137.589493
115.657959
280.860229
64.476440
94.269623
107.710182
148.614746
115.186234
23.971724
188.569687
30.913538
156.521042
296.114868
12.693027
79.762161
14.902963
8.866029
32.513508
16.531824
108.228371
28.485794
33.670914
158.588135
93.469986
503.813141
6.611821
86.625809
28.595980
54.426323
421.207489
18.248392
94.145279
93.244919
36.839478
76.521004
109.983940
32.930233
22.270334
117.093460
56.115143
50.471905
18.454422
20.074034
34.203716
120.863708
77.181328
33.360065
4.296386
95.047951
70.669724
34.299526
42.271976
38.819347
16.117479
11.215442
86.051918
159.572372
18.170485
21.859720
20.154131
25.890875
42.825790
7.485871
166.965057
53.068291
76.030815
130.550949
72.793098
40.640041
44.605366
344.741516
49.829803
6.563618
9.569967
25.294041
89.980423
26.413372
12.365273
128.703430
45.398037
6.428637
125.976532
133.195755
39.219967
62.892307
119.044373
15.753651
4.680499
53.128025
119.254021
176.727783
42.439644
56.510735
110.199860
115.216736
117.279121
232.944489
41.776119
134.975021
198.293365
4.057153
112.674736
173.895233
128.788147
50.145248
4.897981
36.128544
122.507050
12.430758
6.739543
49.832375
119.525284
401.857330
32.905540
65.416298
156.976135
4.650513
35.101269
25.874920
90.339767
220.845139
160.189011
149.655182
503.227509
267.188995
46.650654
23.646957
94.216507
332.624695
32.451893
129.996490
45.958668
549.240967
149.321350
125.655846
97.411003
134.347382
77.141434
74.463181
337.459625
76.895332
125.903595
8.829626
2.595729
160.677307
50.307037
111.465805
396.250641
68.616127
17.379150
22.269804
34.259453
482.376648
47.958328
165.753677
149.751251
215.089569
274.384979
16.184574
54.191090
39.717297
34.322781
116.050522
121.390289
65.659096
4.642064
415.133545
194.656876
4.860553
84.139801
88.322136
195.572968
131.220566
388.153931
9.180178
77.281059
118.528709
118.323914
15.640422
79.785759
6.434914
36.321457
454.664886
45.549377
124.711906
266.104736
202.662003
78.158302
70.982399
28.904667
107.870438
59.309395
183.226959
101.819008
1.175309
85.151588
106.418213
207.583939
96.192108
25.979349
15.100215
138.379807
58.228027
43.593410
170.115479
197.456497
136.531357
15.715665
145.370346
90.032913
62.570152
36.040932
106.370644
20.278801
65.229759
22.934031
106.527634
347.162628
55.306801
51.610065
346.134979
22.765152
35.257889
75.805634
29.264639
30.104439
36.551861
15.374817
380.361816
145.870636
79.030457
260.199432
108.013489
72.461678
33.524105
128.895172
156.538376
211.750137
18.831532
170.920425
76.907776
84.045639
689.405029
45.800217
140.455078
58.449326
241.836288
10.537639
682.328796
38.780235
16.764059
8.578305
13.127231
2.800743
283.863098
15.235031
200.190140
309.624512
17.330238
111.126083
196.659119
22.581657
570.949768
55.816906
441.219635
349.028900
393.845551
76.199379
22.923965
8.723678
23.988014
33.396000
187.668732
129.436646
243.126114
9.574195
139.352203
84.820206
123.530548
146.999847
12.232795
35.569477
23.467093
105.806717
78.069145
42.856678
205.202026
40.736034
54.436363
53.111530
40.923073
338.788269
212.495407
343.303406
21.632111
10.436889
58.446106
4.709159
73.605667
2.664383
26.867968
144.601669
39.398674
26.151314
244.876770
37.360935
41.767521
124.622002
18.018511
605.569824
211.127487
128.860931
7.028205
129.085648
30.583809
47.049187
354.817352
82.192863
129.575836
364.791473
35.865623
15.820745
152.729645
40.896961
32.322399
117.311256
28.985481
16.014538
4.174277
140.544937
43.120518
22.430149
944.364563
150.838669
70.110832
67.598770
45.338150
60.250011
92.528549
79.707489
148.353073
13.858974
39.848103
27.739975
400.448181
563.175110
5.519703
68.319702
22.721581
114.220062
51.578529
25.421553
490.230103
15.578051
25.038059
35.882626
55.373474
20.344639
23.851952
18.039974
30.848015
12.446387
29.376091
50.742348
26.565147
117.166756
13.063381
17.991163
36.351532
28.330881
29.301941
72.931557
68.243492
35.865444
8.583017
13.575413
28.440321
272.815063
36.698383
215.269745
127.896049
91.871048
167.573654
110.686264
688.756348
331.377167
86.302834
126.779366
89.122719
221.999603
40.720448
138.417862
17.669426
449.280365
149.414474
87.778389
135.124710
23.947176
48.147038
49.432453
172.322327
51.412868
20.306774
25.521563
1.308240
16.592066
64.833954
10.677419
41.862812
35.040478
82.909882
51.359825
18.032372
116.240189
40.767490
13.754976
23.602194
116.809158
85.857185
98.225670
2.665642
42.356758
92.438759
15.947267
28.774715
23.104576
11.833830
83.569397
157.933151
57.639694
475.403870
62.888054
10.566736
11.271886
610.012024
29.048470
35.535976
83.932266
182.856522
50.052753
1.175309
17.377968
44.435596
528.018433
535.798279
1.308240
8.482152
286.165222
268.936859
14.381455
501.532928
546.798279
81.078285
16.087996
28.427877
47.271450
641.533936
80.859543
38.303974
178.334305
251.783630
121.016815
89.279022
56.099861
120.808014
121.817200
307.600067
159.597946
97.735764
245.446655
47.821888
42.755142
65.052223
70.735497
150.529770
21.509991
198.844452
92.833107
136.068832
2.529377
269.217041
40.461987
373.462921
204.953873
12.927022
10.365467
98.252495
67.136902
57.804611
341.152679
249.359131
324.624237
56.787212
38.709515
27.842785
4.241372
52.654675
80.991699
287.559204
28.112953
114.944870
32.805069
458.969269
55.430012
12.771429
70.219322
162.345169
25.674477
20.988501
1.173234
36.659405
16.657904
124.912216
2.777219
26.160475
44.568913
3.305458
9.245797
122.608009
20.375944
77.611084
45.766521
42.931858
51.709099
25.537056
76.038918
45.756706
51.466782
273.565125
172.849380
55.168797
20.880859
60.677147
108.926117
39.272865
31.055645
1.377504
273.134216
37.202976
274.348145
37.285461
16.677868
22.487030
114.908760
47.053642
21.615955
133.197220
158.431915
29.872355
27.010727
23.523085
25.126453
3.374874
113.592140
94.239967
1.310410
179.444733
128.063980
52.689312
4.997137
49.380966
172.328506
4.709159
25.245718
207.457367
156.858551
120.463058
202.460220
1.175309
267.914001
161.974747
14.024960
234.698700
40.053829
148.573792
21.422020
109.272926
54.486763
42.541553
31.912766
366.646240
101.006645
123.001495
21.530554
13.387602
4.244697
7.428594
60.420277
23.664562
271.570557
7.564228
8.740104
28.276794
95.974937
123.178116
36.338886
22.654676
8.002574
44.644867
98.678139
118.888054
23.335396
161.791672
78.714661
47.211636
216.003784
229.035995
68.217796
38.554775
83.962173
26.655355
23.480885
67.148331
100.215607
55.209293
152.969238
90.591232
45.750641
292.039215
13.063381
37.665985
215.081558
553.986633
125.032379
27.188665
28.565495
23.032705
5.460891
85.886879
22.440226
3.141154
58.149876
41.122845
130.557816
61.722080
15.315910
161.701431
529.654480
337.185699
29.331776
243.576080
30.318121
40.924740
32.637207
194.236954
123.192024
35.889294
24.019098
29.842079
96.701294
22.028061
105.846397
51.952271
28.021944
75.509033
31.963367
21.249813
1.347976
7.865919
116.197197
4.709159
226.535049
52.505489
327.104614
204.417465
41.071976
169.176895
290.395874
453.793701
51.136501
192.517059
382.008667
104.904861
8.756577
64.955429
50.939983
81.431694
62.995846
98.300842
182.615112
14.508637
19.210140
261.408813
76.296196
139.376404
45.152504
6.092028
79.172188
92.604271
195.312576
46.377899
143.600723
768.643860
72.371307
28.336809
10.365467
7.342902
7.979814
379.638580
232.623428
83.775826
108.248756
5.843081
197.733765
189.902573
39.276001
6.417143
137.853775
308.905396
7.335388
185.397018
163.923538
33.940437
156.965164
146.524551
269.637909
39.223145
63.784046
27.157816
334.835144
49.642536
321.328400
3.035229
87.426941
173.875320
14.403177
215.070221
109.532608
37.760147
135.291351
30.803505
134.770508
13.379249
37.930435
80.197777
402.495605
137.109482
30.786732
170.953873
144.011063
27.179682
37.551907
16.184574
143.306854
468.467590
53.241825
34.719551
209.661636
243.196213
28.488283
48.478596
83.049652
340.337433
96.108391
25.014723
1.242403
128.173859
32.869358
236.064575
108.545990
612.871521
21.227947
34.480133
101.420723
6.529826
78.740189
35.948658
23.532692
46.828724
16.503246
83.815933
29.274275
140.182190
70.407158
27.499582
124.791267
67.895775
130.533264
38.902523
171.924820
301.594055
1.173234
90.881287
41.494762
179.079086
103.497086
1.308240
32.855499
17.210453
79.846657
11.153179
150.693680
95.121368
6.275443
228.774948
204.635880
32.154366
182.326660
253.941635
38.046619
118.744560
58.236801
53.070877
32.879868
217.571228
37.000648
254.904938
247.291229
23.467093
161.888748
132.098709
23.423698
81.896584
211.502472
68.113876
10.471803
245.268738
58.136074
8.584377
273.361542
15.684910
134.637848
4.225746
313.875122
114.865799
507.453186
2.833033
12.671211
1.173234
178.348343
140.481781
322.265930
128.250275
90.246880
82.925224
129.639206
195.947586
18.107611
77.227623
2.664899
29.727407
28.317362
57.200432
8.156784
281.441742
38.040649
135.932373
460.558441
28.085232
64.221687
25.655165
484.133850
36.239178
27.118814
139.165665
39.535873
47.941303
126.535820
22.091572
94.782005
53.827515
40.281956
112.866562
23.927786
53.607979
240.299454
49.298702
67.657547
26.921629
40.424156
34.002914
94.145279
20.435930
28.967001
45.495739
46.222462
5.620670
6.641806
25.945202
17.950882
67.674599
63.780346
324.710968
112.470757
98.135544
59.543011
26.343660
17.283369
4.307209
104.366920
25.874704
55.908329
24.176323
13.641583
27.400208
135.254837
266.910950
37.186844
35.149715
15.424113
341.546600
19.401850
7.135890
38.546101
137.515320
109.792091
66.848938
31.519987
42.630863
152.328384
8.573023
67.118980
36.014885
28.160688
43.909180
36.258934
61.916222
146.965103
12.928281
55.573109
77.106094
120.271248
51.788616
17.858440
168.326111
43.158810
52.826988
52.431389
2.597804
161.339554
90.782234
155.739517
32.920948
152.910110
18.911211
1.242403
13.875999
41.785675
17.144173
38.301685
31.623098
58.454994
383.001831
9.137690
38.491261
32.441944
3.990058
41.082977
101.539108
20.518486
68.239120
6.531849
162.465469
4.159910
29.288765
35.721622
48.043392
134.915787
27.245974
15.751480
35.143032
22.023521
208.595169
295.421875
8.813395
14.719796
41.154942
2.751037
13.522281
25.571911
31.596426
48.189793
148.675171
45.168491
380.297913
48.360241
61.491329
18.810844
202.683472
195.961914
351.786194
14.839107
118.822960
74.630554
168.832428
44.520481
41.360592
38.611389
15.633832
81.088783
62.678364
77.040604
25.750099
12.185076
32.457199
61.386253
40.481968
25.901360
23.154989
790.793518
411.739899
15.618547
21.836103
27.492912
20.393511
37.973721
36.669041
19.756958
33.285633
393.589020
121.583481
3.507559
29.080589
63.393707
244.914520
50.700756
49.973820
63.297279
143.207962
85.468079
210.033859
9.876139
35.917194
74.717735
318.195343
191.407974
35.272884
180.086594
80.822586
66.875610
31.170353
91.941376
9.257723
26.716888
16.854969
36.769535
250.199387
79.877388
318.553192
168.184738
157.636246
61.621651
159.977951
28.391048
265.265717
34.250191
325.667664
8.830093
106.512146
232.450317
38.634769
105.560242
44.347900
28.809523
13.349580
1.175309
24.623793
4.897981
127.425987
80.055260
62.314396
152.426041
52.511875
14.271039
109.922729
71.519501
40.651234
161.925034
23.227886
9.890291
15.177425
398.060974
8.135212
190.516434
8.407417
113.753082
139.259186
29.874483
25.131025
106.817459
20.965681
56.287674
393.114410
187.076736
53.241528
143.081635
171.043991
53.555042
77.488266
235.383270
28.548637
23.467531
20.177664
218.956345
28.704739
93.658302
343.127594
8.101152
14.672004
35.161053
202.683029
15.993438
148.922089
70.658493
41.044930
108.700050
62.710815
381.482544
2.965965
18.002174
78.169212
245.021683
39.649849
47.277473
26.777895
119.570900
1.175309
114.221634
249.415405
43.579109
40.252026
8.863448
258.108337
28.831856
134.646927
33.009705
101.027962
135.259430
30.047333
32.877327
47.277473
27.162167
15.167933
105.328972
92.994270
232.920258
126.210052
29.578403
399.019409
41.611309
6.005251
83.245758
55.210327
36.916420
400.534882
130.163254
27.762873
48.343555
68.259354
14.601092
13.404735
259.427887
171.947464
4.724288
410.958801
78.724808
224.057526
63.453869
6.754986
50.181412
259.507996
49.305294
8.665591
235.260986
105.632568
33.836452
8.464355
57.306644
43.098320
121.369873
141.194305
283.496948
66.452980
452.246307
87.236748
473.542328
338.490845
49.765072
337.577576
1.173234
94.326927
26.211811
8.022486
120.831505
140.802979
155.499588
71.150749
110.684402
108.540634
3.441723
36.607777
9.889717
168.475555
34.424206
17.813663
140.320190
13.524131
503.367706
37.384781
49.019848
46.910473
94.133018
67.496719
126.056221
304.218079
30.352074
12.073159
215.683990
47.886879
2.529377
130.029739
233.603165
140.729645
109.251808
15.636056
159.317307
35.450874
195.686508
49.338509
183.441864
113.333435
123.188705
17.141619
1.242403
11.928040
67.627350
207.202026
605.531677
28.857946
504.506805
181.819443
26.637148
774.715515
104.668228
100.766396
227.141342
221.274017
82.031242
27.401964
8.609125
21.132359
58.434044
63.658642
19.466822
11.223689
196.193344
19.121370
139.734192
17.046778
134.070297
13.073711
81.496109
161.862228
22.483850
40.289192
46.881474
76.335487
304.657654
123.661385
162.553680
27.334476
4.188748
81.547287
116.004089
199.569046
200.260422
74.856522
38.458263
10.410625
33.546597
53.438404
95.176300
192.070099
139.630219
103.976540
25.124825
42.220150
245.230164
297.988464
50.043411
168.618423
57.609592
64.388443
22.855198
51.037354
143.706619
310.454437
99.743858
101.965874
561.486633
14.065613
487.773651
103.431488
180.650955
200.125259
89.507263
92.319832
85.407707
28.367506
26.599733
74.286934
53.358994
7.254006
58.052254
101.087143
59.861504
45.897507
68.290451
15.325062
29.897423
4.188748
203.853165
29.150829
228.828644
371.698517
81.954956
114.057976
115.084373
617.099121
23.795506
115.912712
55.708488
33.024578
154.199875
210.096573
33.114277
337.025726
55.671448
111.291664
7.560448
101.999756
36.411766
11.153179
31.970613
38.704163
49.336056
68.639206
31.982937
7.902911
2.598547
28.146109
75.589058
39.336903
16.789898
15.890334
42.131802
28.622185
111.443954
132.921097
30.727537
12.364901
118.160332
140.084106
76.603920
48.763268
158.047272
182.517349
252.449936
45.474438
33.554443
27.955147
33.563606
15.243137
137.348419
1.173234
32.811378
106.164886
298.532074
106.788544
135.481918
151.400391
154.726624
29.239189
38.962772
1.242403
41.064419
217.897263
136.427856
68.929810
10.544752
12.928281
14.704341
31.304829
87.185211
200.417496
71.871666
42.075970
16.453802
59.740616
20.801836
19.472061
84.033691
111.133263
84.007881
134.733978
24.133324
189.295471
208.028931
25.790337
40.211521
56.317314
25.282043
40.673145
90.990639
20.519896
13.613533
45.446106
57.950733
24.430920
36.878895
41.482067
35.643993
31.245737
16.422728
127.713486
224.978638
255.458771
41.960583
77.111862
20.186983
39.403370
14.373554
79.256561
61.629299
67.703514
44.300335
91.789993
32.400299
51.465103
77.774338
3.372553
151.781418
115.006088
85.191544
20.191866
15.880661
73.920479
14.839234
462.196198
23.188368
138.643417
167.148010
54.612602
64.467278
34.516373
20.873892
7.895905
69.702698
427.221069
212.207779
23.395109
196.140030
197.301880
197.546738
36.067253
151.583588
73.431190
95.149590
74.823639
12.479414
44.836517
44.355373
105.317947
12.829019
7.485871
102.356537
290.934509
65.813316
357.609955
159.196091
53.483833
150.981934
570.167480
46.669708
8.228350
132.204544
75.420242
152.805786
23.282810
23.535099
23.602194
116.096260
205.529755
504.556610
391.039825
8.463047
184.030701
58.751740
104.140114
50.922619
904.242188
8.052721
490.814178
232.533524
60.221161
33.660225
31.229584
191.782227
20.184505
442.957245
24.770620
10.927270
58.007782
105.136185
47.388237
29.879644
60.954754
83.237656
11.680416
57.354710
39.355293
58.883904
313.504608
23.397923
160.672028
9.919393
263.013092
200.449936
27.451391
25.779449
38.913231
65.933319
88.323601
7.188798
104.790001
14.661522
29.982771
51.108265
87.635216
41.639999
6.780282
31.748081
64.240776
166.540970
175.594223
17.663055
34.912151
13.509631
350.880219
221.516708
35.955872
47.958569
285.077423
82.651962
220.575058
43.752384
197.709671
29.745981
63.079269
115.317886
109.788086
98.998276
16.316488
107.865967
1.241145
45.570698
145.343292
537.155151
39.981609
36.788952
286.564117
227.334106
76.981880
57.548363
51.130489
125.845055
626.065308
833.527649
4.655533
255.312775
137.038223
36.878895
349.248199
317.290924
26.091217
401.204010
13.702025
45.133862
2.883969
66.915916
211.447464
13.615149
53.064991
46.506649
80.482277
167.902542
133.804932
1.241145
46.250732
24.796667
159.924545
32.854088
32.842209
148.353073
8.027418
20.739290
23.888403
67.692467
98.718117
31.890461
54.670441
25.799160
18.832409
7.564228
3.510602
10.690396
97.106964
36.462124
8.135759
192.780228
19.821709
38.340359
3.575241
8.584377
7.012773
6.062042
1.242403
413.304749
117.956703
113.954887
194.086121
198.930695
49.349609
242.289093
77.941086
308.322327
20.345896
17.303171
46.431622
138.430527
118.253136
88.856728
71.231613
22.844421
24.881289
260.652588
32.201191
124.443336
167.086258
20.345896
17.898914
149.758591
4.897981
133.398224
6.389196
222.281860
165.568130
25.097919
224.243301
16.050180
130.189621
29.264656
45.298836
44.890469
220.799164
14.736755
6.984087
48.309086
10.460956
78.266907
217.935013
372.745361
63.199680
1.241145
72.786949
36.985603
30.592567
19.185204
31.788532
184.294434
153.592346
232.283157
256.570831
1.175309
124.316284
75.410263
234.224945
196.318924
414.946716
34.498867
9.206151
267.715759
12.781252
124.842651
103.597343
163.165100
14.159655
51.563965
36.998276
121.979324
25.303829
52.116848
145.095551
6.389196
2.665642
170.635590
15.826932
207.248154
13.826978
123.606888
39.969082
72.541832
16.917051
65.540016
33.996479
44.692924
23.643562
93.206650
25.184315
201.076248
42.901138
39.062313
30.408409
1.242403
88.806183
109.290871
18.460983
28.597618
755.353760
333.137482
122.252472
17.383638
21.769043
35.039482
45.747509
8.651517
34.826103
85.562225
13.659957
61.477116
225.041122
12.309125
2.597804
78.731499
65.562126
79.192581
490.482086
29.016470
168.023819
58.108646
57.120831
69.064621
79.752708
93.743767
62.840866
71.451912
101.509735
397.996185
121.689423
22.187777
14.580811
25.778055
11.191671
106.086685
17.323378
76.214294
281.397552
311.663666
334.262451
7.742929
70.644577
183.149170
12.695380
109.237427
198.576096
52.265644
134.724777
154.529968
674.800110
85.197113
260.060638
184.561691
115.046562
80.092010
36.586815
15.093575
91.344345
86.598846
198.003448
200.086639
24.891453
66.504883
44.300182
2.596472
72.753960
14.949996
175.167252
12.858478
331.347809
145.377045
19.852543
34.114136
68.279976
99.022377
51.747673
104.198433
257.704651
193.809647
123.914177
39.069191
196.310730
50.862827
198.359894
40.327908
66.282211
43.939415
8.708215
13.141581
230.557144
94.558960
304.701233
139.127686
218.048401
117.803513
404.493988
195.514908
56.686775
19.682541
29.520493
118.949379
35.648449
128.648453
23.977118
38.897106
67.478554
66.744598
148.649551
185.134628
135.034286
45.001431
2.598547
50.402664
269.368652
280.871887
40.950527
35.594288
127.393921
29.804407
124.921852
231.805786
33.827793
126.019745
535.952759
180.036682
83.195419
23.465836
136.267014
177.296310
144.144730
13.958803
12.774885
57.354710
29.394163
39.715515
1.310410
14.494137
154.912186
31.897362
33.255512
159.855026
219.311478
165.992355
141.118164
99.978752
65.506165
47.430782
6.092028
25.635216
356.779907
1.242403
26.240053
142.007812
113.314644
176.570602
94.149178
26.256386
72.335663
32.161915
46.651855
64.238602
131.170456
34.433502
89.287636
2.665642
233.796692
36.204788
87.622787
14.276501
273.985229
195.713806
22.500237
227.146912
98.570663
79.014389
90.574348
89.540878
68.860718
262.500183
763.866272
506.615143
700.431824
22.212200
43.296326
12.620731
752.146729
1.173234
112.982849
9.495054
82.852531
41.059910
119.192696
102.216888
7.604744
108.237900
82.947952
192.203079
15.084133
38.027264
289.311249
396.871429
210.341446
69.363785
103.291084
23.608944
182.593109
1.308240
82.093376
45.751316
45.097889
160.326263
241.713089
28.021791
19.863182
44.871853
363.998657
325.801361
7.901820
13.939046
74.168869
89.251144
32.135624
32.500553
109.399437
102.121544
23.338650
129.837646
214.353210
178.384796
46.583534
10.431303
50.687935
73.653038
23.322428
164.051285
128.758163
108.880829
60.201214
14.133307
156.197388
16.837412
75.950401
4.174277
116.805588
56.575218
65.870354
229.441330
20.446909
35.520042
105.673988
206.088730
111.320450
44.791443
117.105209
39.101192
254.242950
153.791580
128.101456
38.204330
186.157791
6.417143
139.755905
213.090927
494.223083
184.186096
25.381876
169.950836
82.175369
299.694458
110.109245
344.256927
9.547281
29.121199
99.891754
121.875580
15.250929
30.495628
1.377504
141.470474
100.236282
1.310410
23.919035
110.250275
26.453976
5.519703
114.752617
114.179085
215.395737
38.442120
13.314226
33.243931
15.715618
6.676131
190.164597
59.866520
27.893646
94.722687
15.975317
42.903496
276.304718
38.501877
135.275696
91.333961
55.323654
103.988808
28.904100
41.114986
97.550987
67.122246
378.859406
17.386484
22.702986
18.241405
433.019165
38.804634
154.752853
136.199265
8.823656
7.861305
117.159279
30.145893
32.183075
146.967026
104.423302
221.229172
4.287904
22.564123
25.361361
68.652901
153.750488
92.740860
2.664899
145.515747
35.910244
175.904465
222.053589
266.927124
22.203037
304.253174
232.935471
60.852100
20.345896
5.483510
69.822792
31.066864
56.377953
130.680023
16.987324
48.152870
94.322441
115.129227
170.759537
20.813129
45.833530
49.463139
57.732792
446.679657
189.579330
106.319122
173.614380
310.556000
27.587019
24.199934
94.491051
208.199234
17.808809
45.988529
30.997414
92.989998
11.409497
472.372467
50.998787
21.575953
94.111565
31.240873
104.449471
302.618347
188.587769
17.544334
45.864719
43.378284
6.559811
353.442902
31.688753
175.297379
15.689476
96.480194
381.290192
31.734991
37.680096
764.964783
237.045303
306.986542
36.658882
247.877884
397.808838
52.909351
353.737823
251.761871
99.723709
38.514698
29.197510
25.256607
179.680664
197.107452
37.409359
30.893127
32.248489
253.192871
220.495468
38.335964
36.878895
223.908035
131.103134
95.581276
20.013161
281.286835
41.988956
109.056854
57.852409
36.133232
17.070017
118.200554
100.387909
1.308240
270.083191
1.377504
58.533245
7.852917
8.678294
34.916222
210.086975
32.249424
419.053528
104.174286
167.385544
23.945860
23.958944
12.846667
4.241372
11.340544
36.513744
128.758911
109.850090
89.013657
105.964386
25.033308
26.154619
460.855530
2.665642
12.877897
103.244728
35.911434
286.040283
66.658302
175.188217
20.043697
117.987579
211.392639
23.760813
99.452499
30.738745
464.817780
267.254486
78.152512
66.784897
31.897778
57.665958
6.062042
34.020638
54.379044
352.631592
128.150101
94.462959
158.073898
29.764832
220.284821
153.844269
88.024330
334.864380
371.377228
13.734410
27.213917
14.211625
108.511932
96.260979
35.653683
38.028435
14.202476
111.139275
188.632751
84.125298
38.922516
16.508369
64.979897
8.947371
55.467812
33.830990
128.660828
53.749317
25.062130
508.840332
194.819092
215.941345
36.698383
218.218063
104.561157
265.474487
408.620453
32.162304
41.121101
6.434914
168.683228
215.114578
44.293819
86.742188
112.865372
7.780524
162.885757
33.018742
36.907715
75.478798
203.079010
100.283966
40.224850
494.090332
132.006958
158.486938
511.342743
251.489807
15.160826
14.689041
73.248161
23.373375
52.461502
27.124800
42.956177
421.689941
21.738794
52.827076
96.461479
41.492050
55.157787
60.332832
392.660492
193.422577
115.401054
137.348206
62.668793
22.950277
15.650597
4.650513
8.434180
47.418594
85.136261
359.317566
24.391531
22.235191
200.940353
264.758484
183.224045
26.461227
2.664899
112.851486
653.744141
20.525913
334.805298
50.206829
35.448357
66.277184
41.901039
10.571765
30.136265
20.156639
483.770538
80.115082
66.468773
188.787277
122.674706
387.314728
26.126427
41.367867
120.672966
34.461674
24.423008
139.938797
184.982391
154.918137
51.469982
206.078552
107.125229
18.740349
141.585739
101.248199
11.376665
2.573324
8.491266
55.794495
256.536255
246.189774
115.994759
23.033689
19.292128
54.180553
51.412365
217.623108
434.275665
75.836510
198.301147
25.955032
59.922012
42.745132
39.403370
84.151390
240.366791
28.199202
194.495987
1.173234
5.006873
49.090664
98.059509
50.139282
53.578316
102.579605
73.192780
210.205627
1.242403
54.496128
88.233376
62.874935
153.111069
4.709159
157.607285
174.078629
11.116055
56.202942
22.053783
58.877651
39.484226
112.252518
24.502230
108.304169
37.892792
27.810110
306.874603
54.258591
28.000200
189.519547
144.162048
123.017601
55.673756
7.090862
146.390594
353.988525
45.559483
34.883572
78.903290
204.253265
172.378525
46.653660
235.423035
73.840813
709.402771
83.956085
74.933929
226.207916
157.838470
11.957141
4.997137
348.042969
34.783066
81.599121
218.278900
108.822311
20.522867
89.712273
112.052376
18.174860
36.235359
45.800095
4.244697
41.372982
201.517792
56.450905
4.997137
155.775635
23.988510
53.413563
27.417831
70.959633
19.745485
722.997437
123.997787
84.065102
490.580719
512.434021
8.678294
127.704048
23.355471
88.223549
115.826248
64.352310
43.120693
74.460335
25.683857
517.180542
58.466915
184.066467
21.746614
124.415878
22.924864
22.571024
108.560616
34.354885
167.139999
137.915863
319.389832
111.841873
173.588028
152.779022
16.476492
30.960934
106.476349
36.972134
8.744130
15.753651
42.817638
125.847328
1.106139
4.799572
237.913101
51.626301
383.609802
76.022949
105.732712
31.643738
172.577637
14.036905
46.622147
898.351868
47.210148
210.538162
120.391098
541.346863
22.235191
101.224602
107.774460
91.928467
154.669998
95.085678
17.285910
24.561789
78.029762
147.969650
125.441612
52.795589
126.515594
113.127129
20.823387
22.330666
49.821510
324.674744
45.694729
256.867950
48.567486
339.135071
403.803772
27.552280
25.145199
207.442413
172.195053
22.937710
29.917772
154.631134
276.765808
12.861186
157.291428
21.276617
10.590088
84.336754
350.660706
96.628418
50.200478
22.887123
92.843407
79.353889
14.447017
46.786716
25.712929
104.784172
33.421440
14.199017
38.518135
42.047421
16.537151
189.438248
8.523830
42.444500
41.494381
103.296196
15.663218
244.837311
522.690247
312.604248
208.465622
103.221054
216.131424
81.488724
78.874481
115.181419
482.553650
28.636572
71.418427
207.697784
416.299103
38.585274
222.813126
25.292419
48.252800
25.843340
8.813395
190.637070
40.730476
8.458538
231.574249
56.544811
14.337576
114.055824
381.845612
52.178463
116.915894
178.788864
257.888733
10.024717
31.606031
3.469998
58.945110
529.183044
130.019806
22.534983
24.602106
179.307358
777.713867
90.636162
220.135498
251.314835
460.302704
90.095802
122.999619
12.339184
145.327621
1.308240
12.596658
10.537510
1.241145
79.332603
94.308891
525.640686
137.617050
20.578558
295.736847
12.928281
10.675880
9.127862
62.772556
69.269867
24.221468
194.956924
190.293930
156.936310
46.570118
148.416656
1.377504
45.740303
39.243259
158.476089
46.274525
37.016529
81.875549
27.765795
45.543995
40.402714
81.944107
86.918922
95.567451
140.432816
161.364349
131.134415
53.745838
54.661446
12.476943
93.857353
103.454582
8.049541
50.037968
204.354752
15.815728
86.477745
60.942032
33.144474
17.304077
138.577621
95.838554
107.736526
122.520302
478.037659
25.588804
188.570862
77.975517
34.654041
90.179344
47.228989
81.708122
104.431206
60.855759
72.782166
64.023979
80.421600
123.975983
57.690601
28.083214
44.011013
206.781128
32.531868
19.742266
20.375944
50.764992
53.310089
13.940752
39.236053
385.751221
16.727167
371.820587
26.647131
267.694977
33.012970
9.910241
35.198784
151.997528
51.917709
134.728088
80.607521
211.371109
46.868130
35.165459
24.354389
28.999664
167.122269
11.094063
34.937180
49.899975
21.728167
136.849136
57.016521
6.234774
16.316412
100.991272
653.287720
13.383571
39.641586
8.463047
399.909515
58.079742
15.226710
72.530479
7.228458
53.012291
34.333458
64.216888
61.711342
21.374153
61.310650
4.287904
31.894815
47.094360
27.500723
51.258259
35.576073
72.504433
27.815727
52.161461
432.714752
7.861305
587.553467
14.900386
159.346786
32.730167
7.485871
29.911261
105.314499
12.707296
52.771671
196.293137
45.020737
45.291023
17.890680
471.268524
499.445679
20.653091
38.479603
9.071195
49.128990
147.484146
230.593262
103.170158
582.868286
398.653137
212.153244
41.206413
36.912724
27.294298
25.721624
426.703674
3.855052
112.848457
168.644394
12.969563
18.289991
22.335558
14.812276
18.060020
63.141312
38.948280
18.378059
89.374084
49.263329
560.688721
54.170872
187.235168
39.477985
33.096031
42.936119
26.152628
350.816162
7.710821
103.226341
14.206066
15.311264
47.220791
80.620796
54.216980
8.156784
43.268822
167.699341
52.659233
42.984867
21.680603
10.537639
8.463047
48.832806
32.503174
13.811214
431.748901
376.863617
140.362366
96.408226
23.893745
93.085678
209.863373
80.571945
31.917484
121.598923
6.502109
190.671478
87.734077
4.296386
12.859112
16.523430
56.755367
147.969055
54.463127
177.707214
16.662275
61.360611
23.691643
95.852135
276.924286
68.514587
36.991734
402.539490
171.195312
13.004222
189.271301
46.582085
98.639679
15.721809
8.573023
56.145180
225.329926
65.864403
158.673965
18.415642
163.437103
99.161697
155.038879
338.929535
184.257980
46.059006
40.157398
252.837677
27.109562
34.109833
56.272057
110.845551
32.511421
172.771454
65.360641
91.987495
257.296814
522.239685
28.046314
168.389740
364.702179
194.384354
14.794476
93.238625
421.078674
61.276413
38.593681
141.849731
139.767624
28.403969
88.872040
370.383514
181.871216
45.515724
106.668648
103.926300
197.917892
30.412748
174.547180
6.428637
50.799591
17.797806
9.488121
138.562927
98.644547
28.169741
59.941387
37.058483
38.797714
90.896194
173.422440
8.407417
51.666710
56.005802
170.722260
48.972572
170.714981
4.287904
38.684269
91.869713
31.492603
15.732382
98.805664
153.915909
52.043537
290.658600
22.600342
1.308240
481.983948
136.762314
626.356506
88.407234
434.345123
90.342995
130.064774
40.761139
19.353964
49.818287
43.914516
99.450966
185.173065
103.770058
40.465595
40.936882
119.400848
168.332916
872.299988
20.269531
52.223637
48.256462
59.033985
111.463257
154.211548
20.086334
62.850590
360.141449
329.017365
31.043957
475.236816
96.661606
21.503227
121.983063
7.023558
41.993534
44.550396
55.541637
28.519003
183.463501
143.118439
245.955246
60.204308
140.172470
55.490055
169.018875
15.820745
71.002884
175.666214
8.752429
26.585279
148.353073
70.320900
63.209499
30.394989
80.311424
31.665924
153.121323
8.714526
25.297014
55.363190
100.181610
42.105537
54.066273
24.361921
52.757374
87.254913
210.853134
243.057373
8.585558
20.638124
21.237343
41.902004
37.973721
57.549480
349.344727
78.379051
9.822622
30.126677
79.488998
159.762680
65.690262
37.181061
49.368530
97.893562
37.383831
337.187714
227.431335
13.516562
34.556919
305.251648
295.677734
191.835434
94.974579
29.185663
422.145477
262.156006
27.241005
64.821152
38.067467
12.996286
68.875488
210.935593
40.886833
21.965042
50.824791
65.414963
73.458221
9.711220
470.887939
105.152962
7.560448
36.714825
78.718193
75.464546
2.751037
37.587185
216.964630
72.024506
243.677673
28.711050
47.652992
27.112167
165.095642
284.943878
104.267105
31.675562
114.561142
98.518250
21.738369
530.522095
432.167328
115.688644
39.342876
24.976572
16.008583
33.434498
21.513006
70.551804
7.485871
153.145615
7.861305
19.815634
63.335770
215.610199
18.001772
69.998428
85.902321
30.075245
92.490105
91.539261
8.792944
115.587761
217.856934
293.089508
20.911928
288.065063
30.487795
151.518143
87.006462
3.374628
121.055901
319.880219
260.458069
463.389221
155.744751
5.557066
147.569565
415.188812
47.132431
237.736694
9.528636
105.754890
23.416937
139.601303
14.728577
116.929375
4.241372
16.657904
41.270454
17.428722
351.972992
15.664078
249.907333
332.868774
216.444412
26.382483
94.462502
61.824928
39.462547
633.986938
44.518887
61.170246
12.505564
195.258942
42.437489
49.203987
31.258869
359.731873
86.692474
87.130615
28.485701
143.913483
201.241608
108.888794
9.967761
38.883396
313.990204
310.760895
70.536507
207.082901
30.388256
28.095287
48.734776
71.092468
18.977062
16.319675
22.171589
94.505096
3.370970
26.151525
103.155800
120.845657
50.422047
107.373558
15.021642
127.010712
19.864883
545.521729
105.130379
188.567795
41.416298
31.973070
9.469974
29.225935
5.522676
26.336473
6.559811
120.999542
24.362337
67.694824
67.411247
81.087685
192.398849
193.142227
89.505104
75.180275
45.661255
29.170692
66.903847
188.777023
55.434696
145.512894
59.637455
105.921165
280.513214
716.765137
180.405945
53.635387
20.643005
234.047531
199.527695
156.471725
54.524529
33.236595
66.780571
558.015198
15.597917
86.804092
229.428802
43.092014
30.655233
166.652069
38.207886
29.454746
735.666809
680.559021
209.708115
114.329605
33.068916
85.086151
7.861305
31.053619
56.309532
136.822327
41.707481
21.142197
232.139145
181.989746
288.975861
12.928416
13.968643
255.732056
285.166412
35.698566
73.241524
103.294594
546.104187
68.228485
40.987232
124.469131
2.900128
172.997314
64.144066
55.075455
166.119781
9.945923
28.693708
11.033981
62.917286
170.167831
189.534698
12.279924
74.593086
204.817123
41.496365
118.357170
35.323715
247.405792
142.192978
184.256500
336.145844
34.834435
7.526387
100.832207
67.725548
144.415833
37.287052
25.999186
296.780121
4.799572
126.466011
47.876907
27.187145
62.099258
195.607086
23.244141
543.233215
30.876785
42.271702
24.703999
60.158375
293.196503
39.831398
46.581802
2.751037
248.887924
18.445303
156.895279
20.443951
8.609125
43.266785
50.657909
54.312588
16.143887
49.547863
133.684082
30.855490
28.167301
132.731369
29.638359
98.654282
99.632935
468.593353
127.428635
151.890610
45.322109
83.275002
194.840073
31.505453
14.879795
6.529826
165.474869
15.774645
87.283089
37.874016
288.692810
72.096588
88.113228
69.076263
178.197510
57.140915
26.757948
442.917603
65.510178
307.736755
61.180996
227.882675
100.301941
152.086700
298.629974
191.173660
87.979454
163.018478
163.829224
95.467232
232.025009
93.002266
92.790573
43.360600
119.450256
6.092028
11.814333
25.596338
168.178116
15.188434
132.321777
69.233864
265.717804
71.631920
22.961021
20.344639
199.965652
81.959061
112.255669
33.605392
88.225319
286.964630
168.836761
29.543633
102.061638
31.557261
27.750626
5.460891
45.385975
27.967766
39.324314
4.897981
248.279373
76.603065
215.461121
10.858061
118.581604
60.676830
26.833105
458.384613
33.153423
134.781433
613.695618
43.399612
33.568108
183.741013
16.115404
104.120743
10.873936
128.296204
125.073166
430.723267
123.343925
8.689592
40.482510
36.141632
63.477798
28.344917
50.906822
88.980629
47.512367
17.162357
5.413812
21.844431
31.782066
49.790955
336.596558
154.336777
229.836823
87.993233
135.291351
113.942307
77.523216
62.100586
20.072016
139.372299
76.443710
462.317627
30.071455
8.523830
57.626183
211.575134
93.743767
23.599684
78.678093
51.097649
2.900128
414.623505
370.332825
439.806366
310.706268
61.090813
16.146294
78.291771
40.923885
317.836365
67.959953
144.751968
82.973892
49.157181
30.240520
57.844349
122.151619
109.396492
104.293388
20.075134
33.182587
7.504039
22.540997
80.205818
39.423817
11.615035
44.994850
78.835564
265.361847
197.848068
171.635498
294.200562
38.447803
80.704498
230.398254
129.734909
11.287028
44.694180
18.233248
10.902063
144.840149
138.752792
8.813395
104.957062
48.178734
38.732918
70.337151
26.718626
52.130871
75.283714
171.966095
61.661907
65.515709
41.439968
157.635269
1.175309
86.273140
140.016693
64.411995
88.908989
25.609791
70.442116
49.253033
43.572693
36.011391
65.625481
55.645618
123.424149
48.763706
38.041145
56.800587
20.344639
175.040649
99.381699
314.610138
31.579483
27.440662
257.798370
46.640175
2.751037
65.239456
124.184326
513.913452
262.486816
99.171822
30.758125
16.253344
82.067421
124.345314
136.071274
16.319675
206.219193
119.014885
40.392628
32.797081
33.270638
203.470490
28.056444
152.391312
135.160828
12.437777
9.553616
153.256165
153.174713
125.595459
34.834435
34.200157
1.175309
16.391069
115.323799
178.382523
102.320381
75.246590
530.235535
161.851807
99.232430
24.914949
116.517387
78.698166
217.046616
155.224106
171.140823
32.227119
275.252014
60.708202
16.048309
14.566843
32.855499
7.564228
33.887012
132.230835
3.374628
1.173234
263.935242
7.526387
217.160339
14.329624
46.882847
