124.409055
42.879122
70.547113
26.159114
343.533591
64.601770
96.135538
62.782674
112.092619
29.117162
555.499818
1.176088
116.672040
379.098782
437.090752
29.224817
0.923073
86.953939
41.348996
190.629842
89.794443
477.010909
143.663954
27.481884
3.090673
7.006140
10.454242
46.186007
4.671813
98.895278
58.159035
19.471116
158.627538
97.274516
67.891513
106.659036
395.764004
93.698565
241.141464
33.360643
4.510483
57.448136
14.865284
283.600516
2.151023
13.537067
15.356863
0.000000
33.798431
0.984267
73.900558
43.862060
5.111717
145.738100
235.350427
34.636812
15.283765
7.241351
48.085545
51.651219
42.579852
136.309354
68.217467
381.065960
54.728417
185.811004
147.458637
77.777168
116.347912
17.860378
201.816687
120.118445
0.000000
191.200625
40.414512
122.877331
94.104207
58.816337
156.262613
56.072742
24.335779
117.586985
80.904522
279.341211
38.314356
162.239454
311.926008
76.682761
84.132700
90.167627
6.887184
104.476119
92.429556
241.916317
49.409270
96.432714
17.854949
31.473690
17.531529
94.768870
12.792305
86.784084
30.463553
112.419698
237.430179
287.727802
501.233758
262.416995
58.091523
25.392309
35.240959
298.396914
8.847450
26.486196
65.085737
43.796397
115.018656
2.174193
35.313078
30.387064
239.856219
216.067018
10.808476
54.811769
228.607878
23.621783
32.976786
158.043318
483.551703
24.551782
90.233088
30.437533
3.990803
18.464035
326.477417
106.018710
35.100996
144.098123
83.047609
15.061775
143.577814
24.936147
136.465985
38.338912
38.460607
54.735594
178.404850
182.788405
56.972660
0.984267
140.603318
31.565894
172.044341
49.110717
7.295028
73.915258
1.085346
63.224513
149.966296
102.040051
78.983493
166.233091
20.485740
214.305133
58.574993
80.968021
9.176985
225.988116
14.827738
101.054751
170.977926
335.706665
51.388576
30.177069
80.494274
69.068050
1.238500
199.784827
35.644752
215.527496
71.785227
22.846791
234.188984
131.269522
171.441593
168.223832
312.343236
108.518963
190.243593
349.646139
168.435655
0.941063
9.220900
24.848407
206.967962
5.724874
79.202468
119.365475
21.018310
230.452736
164.753498
37.246658
45.415962
130.648228
22.448331
195.924429
98.003244
34.889560
57.213026
40.593195
40.099832
80.552494
67.629646
28.762576
14.780238
111.411242
20.479579
612.051414
24.717354
101.858555
127.091594
129.483897
0.531466
71.449905
58.238486
208.616614
26.402147
8.238687
162.857940
20.942606
24.667163
28.769943
891.345002
128.651122
190.813617
187.395055
118.429719
42.830491
38.590982
19.085294
81.659821
234.134836
3.117954
79.694906
12.237711
185.380536
90.126266
16.703303
31.806534
498.966590
0.000000
37.888459
46.221694
99.473048
4.165485
77.052699
207.696807
40.213904
185.776560
61.919539
88.776707
16.628579
274.583281
528.941462
30.146747
7.920652
9.434807
0.000000
13.522150
5.323107
65.907819
33.221632
43.466375
90.738463
1.622292
23.867031
91.737047
28.679789
288.143439
57.198536
46.042323
110.463886
47.094714
6.018623
26.608244
4.617488
30.062718
164.418980
150.176187
25.413978
174.271990
8.351766
19.345100
153.275397
234.729748
94.550476
85.629613
74.232974
1.078269
118.301172
11.860434
166.190190
11.139753
4.982533
111.067055
320.391882
136.579403
8.176710
496.378234
40.078064
48.137988
32.653410
96.718688
31.679057
5.502389
241.786052
62.616938
3.213092
1.135108
186.974983
547.363109
323.133914
127.985300
89.366080
222.812231
9.571883
116.577110
55.010549
207.404373
4.668348
222.735036
23.290161
91.155619
210.023063
45.381119
6.747078
41.664838
82.983209
55.939995
45.948909
96.017588
0.928943
42.606564
77.112445
18.320231
52.564035
150.901967
37.625216
51.490712
107.250671
270.608364
0.984267
106.674457
408.032238
62.330122
62.688945
10.559383
13.086853
59.024877
129.164705
101.007153
5.621038
37.232980
75.909110
5.356720
18.189458
337.606895
29.868619
78.457031
71.640153
0.000000
25.962984
1.250300
23.605358
63.648119
150.147547
154.261968
142.470290
75.457849
88.745052
53.881504
38.909235
5.137613
53.616725
107.101501
141.523023
417.280842
112.236840
77.753104
220.072750
8.984329
17.216017
151.701456
121.121860
20.722891
195.247808
56.777397
48.322967
76.119566
40.359169
3.324590
1.567523
147.415353
492.538120
129.536906
79.900995
111.106027
250.299577
37.954707
528.594219
4.940069
433.550058
3.477008
121.703022
89.671139
290.414579
23.761620
107.913030
136.289612
7.240414
36.782975
67.156556
116.743425
30.547891
42.387062
38.431717
4.933840
91.743705
110.556466
207.795071
133.205340
37.629680
3.291935
122.952093
32.405244
71.473256
135.203526
7.425797
81.995124
62.264658
42.944744
82.454545
20.007344
241.367706
483.003541
17.379332
38.443509
34.795329
18.642063
106.017152
21.374835
12.536856
122.916412
197.125656
56.674456
9.367829
42.876267
121.657390
4.371323
179.047958
752.595145
320.306240
9.235268
65.627195
53.581791
13.496597
166.413091
30.308806
101.367687
11.380661
45.914113
121.524758
573.603844
127.541934
76.690492
27.755903
119.219801
69.960506
136.342217
18.277015
0.898359
9.533598
3.630465
54.148903
55.779187
360.242627
102.145897
9.834075
18.489851
125.012973
74.538187
227.693418
367.330131
4.923712
338.685950
352.723037
0.000000
179.099543
29.039852
50.753595
209.836396
646.356664
18.077126
21.197932
5.268629
615.702364
118.605089
0.650959
31.957147
191.190653
15.011253
37.047977
7.131378
73.253303
24.428631
304.917028
110.400173
59.122376
59.092796
5.074155
65.657448
0.872144
15.372166
46.423470
91.727108
12.965337
229.935183
63.446699
74.945547
51.466925
25.075447
135.156387
71.933341
102.898621
41.362163
15.937042
123.276649
81.855425
5.724362
86.247008
17.646566
302.594920
94.132132
16.108009
297.668690
10.589527
26.566435
29.231832
340.401016
42.094370
42.009875
305.985000
300.171702
99.637295
55.391192
319.484141
139.776371
30.350740
61.725445
328.687644
8.557804
0.344520
13.475071
90.611093
5.636072
1.896780
4.698004
30.241416
66.472237
81.400383
120.514491
43.181400
89.748765
132.329726
215.608228
14.520363
511.213588
125.894249
80.569884
20.476283
12.834675
158.733845
149.096966
6.442662
25.014874
401.267603
0.546772
101.333784
95.336311
136.421000
8.945596
135.948848
180.123768
74.487575
83.391856
188.560312
39.541255
46.527513
334.777745
3.528492
51.129084
229.835896
58.254349
81.577369
86.854553
162.896816
384.122254
272.851023
6.099186
45.490984
41.283107
28.929252
79.751570
25.991997
125.619946
477.209889
12.450496
64.617941
17.570996
9.989782
61.262840
71.396637
40.661208
53.974077
36.142955
596.371162
30.208744
115.375808
114.206628
45.242705
129.029603
244.111118
103.152591
275.432021
137.874131
74.385774
254.722021
26.137997
6.275731
5.435846
279.816807
343.081868
108.224478
60.911617
6.249089
10.784096
264.081990
353.766620
127.552747
99.873178
8.788979
309.325086
1.272161
74.544313
19.518592
108.728820
35.687568
29.634231
50.249629
36.320595
554.419961
8.539834
51.466119
46.712623
77.644279
21.576255
6.477138
73.584354
75.740499
66.406665
27.438786
20.572387
78.419345
46.809654
7.661443
90.604234
53.175268
49.882334
193.910451
2.617968
175.365987
4.089274
43.739557
40.450465
8.849833
32.364183
60.462389
47.279713
6.574800
39.122119
3.366092
64.575989
135.265836
37.558272
223.283667
194.019018
292.108361
178.356510
146.624645
113.315716
54.635080
9.606781
97.446151
279.844121
146.801451
9.535368
5.869158
74.341099
94.551127
93.900395
293.734424
63.990723
111.104892
53.174936
4.890199
203.435620
0.000000
44.735819
28.319746
76.587668
56.864122
164.610118
51.790543
91.911446
57.393751
153.100533
188.382062
71.944683
68.487162
11.345423
0.000000
62.667757
89.507127
148.123245
84.874970
258.132669
223.553336
250.880906
16.649349
4.125581
127.018555
4.914830
64.730156
3.824724
63.384221
24.546593
8.669218
189.090423
0.550399
83.434793
63.165892
109.828277
260.647255
360.008340
73.982016
4.699429
4.313990
8.852195
685.051306
24.915317
297.652028
162.240184
26.251257
128.024544
0.000000
13.780256
14.756684
506.596077
0.503108
21.857524
84.081716
8.839509
208.345485
2.063012
73.281109
18.851416
81.432947
18.903527
337.843380
312.768282
42.355950
34.644609
45.742350
35.611277
83.801697
57.038400
127.825482
156.917676
80.939975
0.000000
34.395128
320.441564
76.560599
278.884713
29.082545
97.152271
60.809972
5.705408
165.201244
93.179788
62.935547
153.817281
84.133713
76.466872
21.595375
204.038078
449.890967
22.579679
74.733938
135.765856
255.082598
192.754644
18.306510
10.165907
161.645566
522.581845
103.208225
0.705983
23.659292
114.348195
550.368859
7.645910
9.044897
143.326199
46.979605
49.099956
318.430231
69.052086
14.597261
120.465694
3.772856
112.146326
48.743630
95.120704
183.165429
19.304514
42.239193
7.386497
156.196728
227.674368
0.000000
6.872599
0.000000
62.651176
48.593702
32.976786
274.498213
56.851322
0.000000
13.126297
173.551378
3.688923
9.128785
43.627118
153.112132
52.188526
162.946785
56.333395
174.239342
117.698075
2.516862
17.253896
26.695080
173.308265
168.141949
202.860041
166.074659
4.782113
8.340218
169.971949
479.636150
16.575567
82.865610
11.329687
136.097591
208.201293
4.995854
160.096803
56.309659
14.120713
106.181767
26.330019
64.581051
15.686684
138.103032
165.719658
24.356889
79.946277
22.260878
36.180990
267.300892
61.354257
165.059935
37.191276
12.706221
776.250680
60.750961
139.268454
237.061777
51.283390
19.357509
3.628801
6.990138
155.422913
162.371994
62.142261
2.348169
68.843237
25.985637
35.540334
67.118288
54.520708
64.772983
0.000000
269.833489
143.305897
128.422254
124.531935
513.954165
18.090645
72.341625
147.250459
4.716399
145.987150
195.765841
224.516914
322.837026
1.251824
169.245464
5.835943
506.623485
50.266306
8.381832
148.955533
48.665755
41.190861
99.444291
7.578604
60.660915
181.925739
32.121011
191.091137
73.956556
34.975337
27.744244
3.091917
164.162485
29.065336
7.389851
269.604768
121.268056
119.676292
46.273644
176.507403
0.000000
55.680317
63.264587
63.346514
221.968434
32.075696
2.188826
664.120898
176.226570
44.189114
1.413388
52.590716
248.379224
73.811515
6.711452
201.154574
71.620734
156.468254
305.772700
146.886916
117.379003
48.711469
274.397106
47.376065
53.227875
540.853460
66.213969
72.793564
309.242112
11.890684
60.923369
191.828722
31.355286
6.075405
66.345946
3.807189
195.473762
79.326355
96.177959
16.465055
317.987257
11.651958
88.878977
14.287563
91.484293
10.935984
179.190885
57.302898
2.145401
6.171307
43.426050
1.599507
17.759239
36.863795
81.197558
7.931290
70.268534
171.755038
77.666129
45.128515
116.350077
192.584710
53.562180
11.093941
42.045223
206.081883
80.708610
44.491743
18.687211
24.925938
22.748680
64.317928
58.655318
43.022342
116.778040
54.614700
24.276012
11.009595
210.867209
26.145153
26.596970
14.462593
125.799929
0.419011
417.118880
124.188668
248.599034
81.355193
60.833769
41.955361
127.197502
26.795763
144.185518
28.114313
13.222543
24.004864
14.292995
129.542883
63.986551
230.337803
35.678697
54.703492
11.087067
92.140848
130.260701
0.000000
73.437813
86.346764
219.539927
30.533266
0.000000
6.585886
7.948338
14.239462
7.128846
89.199289
81.758115
11.533105
39.363441
5.070599
20.657924
343.021291
86.614549
8.031008
181.057951
68.470959
61.996071
285.506558
119.211357
26.679498
46.640449
89.409536
555.393732
53.533174
231.301406
103.195265
40.697696
14.552077
53.974760
55.319926
121.561542
69.272416
54.604277
36.062037
47.173934
0.000000
54.275316
50.165160
39.267096
8.539834
5.829977
63.390474
283.508197
73.968375
317.857919
91.467364
37.005880
118.654228
422.097191
39.636976
2.444721
55.332662
1.480260
129.613118
1.076601
41.642610
3.469587
383.658722
58.532333
95.667932
14.961321
115.501713
34.826551
37.278281
65.685375
52.718172
40.963313
177.104230
66.223112
9.042233
101.403401
252.661893
10.856539
145.046345
136.219733
21.712900
73.441824
166.279963
528.876352
63.366061
397.055979
25.248110
62.702638
17.438643
116.902538
7.678470
35.531160
40.199110
323.207596
141.191337
8.218250
71.801393
377.623780
55.798078
276.042144
5.809226
50.503471
255.011749
43.657360
8.900114
87.104601
16.121752
423.811781
61.205158
81.303934
197.162400
67.191371
6.649229
285.447648
117.403674
345.817470
100.472207
160.664279
221.770610
11.295761
371.513564
51.144211
63.508789
128.662204
25.842615
461.752819
13.854891
1.084827
136.056570
48.885950
49.460664
23.920896
70.149859
165.490370
0.241300
55.691759
61.777479
316.922353
104.658307
28.411113
26.885931
35.235890
66.950184
108.965810
9.050314
22.729274
118.828887
29.104668
11.003757
285.411817
234.399859
224.704950
179.790436
41.680282
19.853282
91.383474
42.054025
361.562959
21.640641
100.355652
421.521346
69.103334
15.846325
51.593489
42.731608
31.110235
25.463742
104.063221
452.521569
31.301267
305.588178
132.886094
38.414490
7.638574
149.329238
19.394586
48.540148
33.154530
173.979609
37.054821
37.224193
0.000000
276.883543
237.469463
63.381598
242.473576
33.633599
141.973300
33.110698
92.516249
265.417414
101.969108
269.223387
102.029853
86.507073
0.600679
110.634789
18.266661
70.577340
162.634962
237.804423
43.717916
209.460788
14.669561
13.928480
11.831125
0.000000
430.877928
205.296538
93.377496
76.904130
71.939221
267.324036
332.545799
49.759161
93.796342
82.966015
55.626447
7.044835
184.806608
12.809811
22.460834
8.864489
15.619297
82.847874
5.349655
104.585967
330.697603
57.942272
15.418488
121.315661
24.382672
13.844950
6.220756
10.018106
577.020723
3.528682
95.502074
110.998817
50.920576
73.091463
58.050592
57.985040
15.296362
283.587001
87.025649
552.733035
292.982852
8.541695
31.586808
86.121820
577.421997
108.147335
80.393952
154.440950
129.877957
31.756749
2.702512
90.234888
103.690202
392.454139
268.831963
484.293058
11.269072
169.957168
143.887875
79.762600
21.764657
184.299449
10.811630
26.133387
47.232220
68.363936
176.690708
72.340296
160.977269
42.333085
16.281383
16.449753
44.696703
317.618512
34.910860
240.004982
97.442039
5.838656
8.477731
0.000000
1.659995
42.588644
296.966154
11.761529
78.216349
31.090957
113.578110
20.556035
121.699163
108.747427
81.186395
136.587702
52.992708
33.544403
110.479418
728.123236
47.680396
126.158350
158.256985
11.487020
732.647858
353.196164
276.733345
6.820696
41.702079
9.666634
61.199744
57.532222
33.838103
216.030759
16.966107
21.164534
192.089990
53.656252
4.356132
23.412823
18.148397
135.531005
187.885949
84.239240
9.716366
15.776186
33.660618
75.653816
189.736111
13.775078
48.149314
194.182628
65.781329
339.464911
3.345300
14.575578
88.184006
240.966319
37.224622
158.451478
21.036895
31.793324
2.399471
120.783854
179.976116
1.679461
8.698992
102.395198
11.791710
209.033439
39.620898
94.575134
1.176088
61.636563
40.085810
37.110436
258.256057
132.908438
0.000000
227.982564
217.007484
0.000000
16.878203
240.321414
178.164902
148.941934
50.169595
22.577021
277.493829
137.690868
173.335000
100.503147
230.392448
15.184242
79.656776
235.467996
12.034026
62.259814
220.980692
44.727041
385.674862
15.997878
28.243341
84.108987
76.513270
8.550947
19.166338
40.995591
224.956015
1.361734
39.886653
36.328197
258.215260
41.134932
348.416727
20.415018
302.157830
163.442857
11.896563
199.869817
179.169505
6.033162
19.074813
128.711646
132.459979
164.808047
53.611987
328.179313
7.266348
28.487713
133.071000
239.092679
131.428405
26.159114
34.518696
241.929817
72.158307
90.822528
93.530753
73.709187
17.439821
26.546993
3.726644
5.437558
48.811907
106.767635
96.435488
10.751633
5.645177
11.687353
39.981580
221.698428
74.289096
123.539969
3.129154
13.535943
11.960438
34.332311
69.189715
12.051542
1.220884
226.210016
117.466373
210.453146
406.915804
0.900078
2.149420
34.230513
20.951093
26.770016
585.920053
108.740026
34.000137
28.056980
13.759622
389.372942
131.523595
100.664424
22.832369
27.867684
183.828680
29.332003
405.538881
3.996735
287.289426
39.733552
110.944771
286.755103
41.461040
137.623518
164.743245
412.264114
3.954645
135.606367
211.162970
15.008845
234.777877
134.987820
142.195778
202.773559
87.657680
114.056020
133.573519
103.572996
65.718192
60.175032
810.491306
81.129721
168.042993
151.817220
18.207046
95.916879
516.318812
16.015971
38.241431
14.621285
126.934397
0.000000
24.892583
31.179553
97.311099
10.962017
3.569281
38.394308
501.806691
34.709621
145.205851
163.480669
32.782605
292.117426
31.225048
38.212948
45.501974
464.869433
10.812509
106.774998
82.230798
166.611032
10.320797
109.949330
140.314747
178.409793
33.288063
110.648582
341.121062
41.281632
344.919628
86.414414
126.497799
144.137634
107.488774
151.164462
273.037034
174.211240
59.604097
315.500836
42.732116
194.596031
164.097792
99.018213
73.266284
48.107491
16.332847
37.723212
58.237219
12.955685
349.114660
46.967937
413.158700
208.423319
15.960458
176.909862
73.474164
154.574987
3.459538
160.218079
28.073616
123.417650
151.086048
5.087254
4.626247
118.165372
134.133097
62.937718
30.175707
72.879868
30.420637
122.964336
22.038738
262.745538
178.722181
17.930859
127.353839
6.162338
6.579304
61.412121
22.439587
134.977744
169.938328
12.726813
134.456889
225.942930
12.259419
11.634318
477.311331
0.000000
19.561316
117.351320
341.422084
37.512184
215.242995
339.867476
24.952229
69.032375
25.663014
62.356890
17.565519
69.509288
29.935860
28.751781
13.189357
7.090537
89.255215
601.121322
57.920992
22.452141
209.964392
605.897299
138.076376
49.892612
3.947983
199.147968
339.023092
86.394358
285.065291
23.287474
23.714868
373.150852
93.179788
39.351036
12.643757
31.198307
121.906532
61.937189
34.205158
239.263288
27.948745
71.951213
109.224567
80.551332
127.993190
354.652023
8.718547
87.823392
62.214884
36.154525
79.383683
0.000000
69.749993
20.353766
89.644021
232.320572
0.000000
235.486275
44.645199
341.079872
20.897565
5.174609
58.817209
106.242454
41.964328
74.010129
148.387921
231.975261
54.165788
29.934342
50.797578
4.523822
3.257447
0.000000
57.468159
143.897570
159.108630
20.713586
135.578840
11.824672
187.475240
26.705245
413.132081
20.326230
2.247383
11.622196
15.327505
135.763090
30.318033
133.603326
36.976457
99.384289
46.672269
109.038009
55.353471
118.783834
0.738718
218.064152
172.499356
85.755041
26.271072
9.763433
95.931399
186.622710
558.538525
58.419824
34.672899
162.081248
46.454195
3.684155
119.295309
163.276116
148.526280
134.929945
124.704126
79.372927
142.379160
282.732621
26.061992
16.675838
51.888713
4.766679
274.258650
16.012136
235.577783
89.174754
57.016803
18.752484
3.453382
3.286623
3.591105
41.894795
181.928607
11.153535
64.345118
11.560414
35.523750
165.699033
9.254123
353.231313
24.981727
56.819225
60.986841
22.334921
28.585154
59.170368
23.021660
70.570350
45.053128
1.557930
135.446926
379.431742
1.006646
115.931682
141.662516
298.443689
77.528600
105.970938
134.086319
141.096377
101.305024
29.192546
113.888584
36.859614
155.825357
258.054611
8.316374
96.148543
8.600116
0.000000
34.464330
10.849748
35.436068
16.187399
7.620618
158.962429
75.949307
481.844326
8.487023
80.517831
18.130338
27.362633
435.988571
15.495754
113.483160
86.016993
50.498432
85.491016
111.587765
24.541892
6.063049
86.201865
61.351411
35.163467
14.375458
16.062401
41.741114
113.510521
88.134928
28.033796
1.514960
63.224768
76.963681
15.573441
12.747563
25.462673
13.734099
6.725959
82.397640
216.058661
0.000000
21.076113
36.512940
10.661929
53.431006
4.141644
148.924558
47.200049
76.736223
137.609079
60.423567
34.304948
50.833794
317.984135
52.213146
3.640192
7.310639
22.572337
99.148682
26.980574
8.576732
138.986183
37.122875
9.548608
110.546718
134.597843
44.326413
54.883207
128.622536
18.886899
6.335040
52.357250
105.817262
167.943790
12.660364
97.487980
109.469749
117.818268
143.939064
262.448066
32.974060
135.398013
216.920594
0.000000
88.628000
161.346057
118.207373
51.948850
3.336734
42.257898
152.764598
5.714586
0.647420
49.274154
108.631899
463.530933
32.822301
68.630113
204.033430
6.809914
21.497414
12.126806
92.341564
223.291223
155.588018
132.937621
465.484761
256.264445
38.581019
14.259261
100.516689
334.659158
29.665063
118.615444
57.733727
535.101755
148.266364
142.759478
107.265538
143.049419
86.495129
78.266139
354.619297
79.381235
120.252460
7.759310
5.573096
184.229589
47.294981
119.616341
365.222447
76.056249
20.555778
19.196206
27.193613
487.272141
35.136141
172.434709
135.205920
250.439726
275.986373
14.756684
63.789584
44.126863
3.512733
130.309997
97.105118
84.264557
3.064141
389.512015
180.508611
7.949868
91.664519
77.555355
217.039791
137.902502
397.482137
0.000000
71.533703
125.304444
104.604018
11.552930
81.375205
1.328130
41.343381
427.338090
52.640261
91.135763
208.843441
247.119763
86.909249
69.633608
29.973188
140.658471
54.017420
186.199229
79.180129
0.953106
83.273190
129.790893
192.927633
100.628065
12.931134
20.588332
165.562358
63.985528
43.474034
169.641466
197.527803
140.794561
10.825372
156.434518
90.876501
69.977586
30.002905
118.856363
17.565519
68.671829
12.512976
123.308546
421.652757
37.009774
75.141910
436.881331
24.719696
39.687227
76.640588
33.983464
34.792601
25.272156
12.247516
346.555862
154.613258
73.601919
269.495361
92.007288
79.514464
0.000000
134.204502
132.523067
216.742104
16.021497
167.619792
88.823093
111.411163
751.074487
50.896846
158.678978
36.225009
254.340016
2.440211
637.600008
41.716648
9.302627
0.000000
8.973236
3.440796
304.347456
12.413860
182.270552
326.020825
3.211994
126.186196
177.609649
27.762952
558.395858
49.457953
440.129444
339.751229
356.076507
73.860784
17.697786
4.518022
12.944490
85.508128
137.172667
117.136793
229.243864
7.491741
119.655568
68.042242
135.543703
135.112614
14.366291
34.001280
13.231287
107.596044
74.355855
53.688757
186.998801
54.592451
28.811382
49.753714
42.239805
370.063641
227.528956
345.573930
25.965015
10.752934
67.029579
5.210935
84.618322
1.868307
28.788646
136.185851
18.524732
26.808201
268.039307
42.365537
45.662858
121.412979
24.005945
652.901487
200.473106
138.971111
5.976162
131.348272
132.049923
22.034770
347.927350
66.387076
131.592081
373.944878
20.792479
18.462286
173.979590
45.161500
40.790051
132.842810
23.375043
10.009711
5.264785
135.725544
54.066192
19.680377
853.098447
163.242215
109.471293
76.831845
33.865132
69.650392
94.606584
53.950166
210.882986
17.402337
33.345756
29.037807
424.236368
554.885573
4.108308
69.908981
18.564369
109.379688
47.834812
24.835855
500.311217
10.672543
20.537735
39.139851
34.014831
18.204328
2.136210
0.678518
31.940390
17.786769
33.834985
61.887193
35.524248
121.838566
6.098067
18.462477
41.140587
26.251358
25.250759
73.500658
71.382147
30.978281
0.000000
14.970668
29.831760
254.667646
16.453593
214.299335
70.114281
102.095096
185.139405
109.877230
747.036440
346.956820
88.388828
123.653942
80.882011
261.268840
45.148972
141.266006
11.344669
421.229316
143.386947
62.722954
235.992437
26.113203
42.805903
41.227415
178.008082
87.221951
23.046869
21.596236
1.014241
9.952630
68.029519
2.309340
28.336530
30.654427
76.278503
41.722741
15.335526
117.931384
28.912490
10.020201
15.618846
121.722123
108.026122
88.208563
3.521934
54.785879
108.867040
0.000000
30.965229
32.563772
6.938627
67.465349
171.187673
66.179963
500.407900
75.096885
20.149069
1.986779
599.124543
27.648131
25.368614
133.005097
169.550818
46.534235
0.824126
13.396568
60.113148
487.968789
564.060518
0.800003
0.000000
275.227423
262.129755
6.096272
483.071667
578.498779
84.946903
3.326598
23.099582
47.243076
620.287776
99.841019
23.593799
143.223352
266.247944
128.728792
97.811897
79.800403
134.812244
125.810752
331.228220
144.341227
87.909964
270.431560
30.852390
46.996366
71.681145
64.982919
174.941793
22.016646
194.753002
79.725439
119.096215
2.628071
290.305136
5.334059
359.072645
228.305972
6.522277
3.787767
113.427392
72.200473
39.983156
363.397799
249.879985
274.054014
58.410317
54.965537
28.159892
8.055457
59.385720
78.232574
296.913840
30.259788
102.106559
39.393532
520.189310
42.783421
8.887849
74.043709
144.718238
21.355731
0.000000
1.006128
34.545881
11.202192
143.939331
3.471685
23.781743
35.440641
2.348169
8.247799
53.541846
9.739826
85.493183
42.942093
30.344489
52.190520
10.624826
75.315116
45.393007
51.414278
258.291481
141.065872
64.243208
15.741977
69.311302
123.129792
41.811662
20.516078
1.019763
289.001801
23.990629
253.101904
43.853042
20.320846
9.092092
124.626576
67.880788
16.780000
113.675279
157.630903
28.587007
32.120930
22.448686
25.760240
2.667703
109.345632
30.058228
0.449617
205.218088
121.116778
72.991164
4.458439
45.403741
119.966395
5.210935
21.861543
196.645289
194.496912
124.633009
182.099952
0.961851
286.103760
170.945378
10.572796
208.110556
34.873751
202.417539
19.377816
114.186166
55.662039
3.213092
49.438151
364.788911
88.973381
123.348097
19.487213
5.239586
8.540005
4.616937
71.936762
22.294570
285.073637
4.713319
5.556149
28.560954
83.679157
138.048091
31.138054
21.455549
9.826880
48.983041
103.018109
119.070668
19.446512
154.393541
45.684931
43.883209
211.122110
222.788009
69.236040
29.264241
79.050479
47.340194
28.547977
66.958342
103.777312
57.514818
146.590863
95.274260
42.807092
187.038156
6.082764
40.301408
249.160889
584.122608
135.888023
15.184814
33.410386
4.632371
2.492924
89.945832
20.607863
1.826895
68.306129
49.681260
134.943775
56.368879
4.931809
150.850594
539.372427
289.796149
21.333522
234.638339
26.175062
45.742956
28.110691
228.077818
94.272382
22.432458
26.589099
41.077632
105.901683
10.951493
156.477746
43.839684
22.533954
91.600319
20.051706
21.790904
1.385707
10.997709
90.659431
7.728639
251.467762
75.457849
323.463470
204.058344
47.104214
166.182257
317.499881
469.235638
58.845540
209.695800
347.427963
113.057032
6.018499
68.505926
62.160430
89.208834
67.672948
124.675150
187.800836
6.745944
12.507848
266.371728
85.431109
144.717415
50.721290
8.864489
82.942052
88.847017
229.777767
52.989335
153.177411
710.519097
63.137653
22.543611
3.014783
10.080770
6.411725
425.815279
254.434068
78.829339
111.489304
1.203817
202.506391
196.419197
39.528543
4.436770
119.734007
310.999880
36.029528
212.104921
162.126149
31.469946
168.692371
142.763728
273.216004
34.644561
71.285041
7.763932
341.856668
46.468558
302.203932
6.237121
81.843569
175.048536
10.900207
234.595473
101.353057
53.119416
126.993262
17.996451
222.927823
8.097856
45.785857
69.069694
382.540010
154.337535
65.148656
196.181072
124.729827
18.962691
40.630421
14.741381
165.110143
463.315176
57.698684
67.354707
224.920480
244.504036
5.740682
40.596914
82.160427
332.633516
69.192029
23.048611
1.071039
122.446849
8.328610
257.385034
99.946397
601.545470
27.065017
31.796373
120.745298
8.066956
68.023591
38.118486
14.654638
95.979191
17.672958
83.605999
33.530090
123.674834
58.980866
15.850048
111.421251
75.697776
132.829657
40.792705
191.868286
266.910409
1.358090
96.889703
53.587199
192.244017
97.165682
1.064521
2.914963
23.848035
106.376433
4.253412
175.591360
189.951038
7.657918
237.424965
183.890268
35.710288
179.095148
274.816099
39.163144
99.034559
49.352122
55.294189
30.413170
225.383389
30.221166
253.166390
270.412480
8.351766
172.909195
138.649471
16.319270
98.536778
257.127679
74.777893
3.117954
279.199906
40.243824
9.950143
254.696928
12.352153
117.488076
2.382546
300.324149
127.811183
495.394344
4.116344
0.000000
1.006128
190.791007
186.609344
280.320232
122.583109
81.918913
63.115470
124.794276
176.362435
1.398554
106.814285
4.371323
60.167646
9.607089
56.739615
7.913709
284.055231
30.471493
148.842045
418.115283
28.403950
43.828158
32.697399
522.336047
16.376509
16.014841
160.451917
62.688945
44.536018
200.513393
16.932312
92.392042
57.797151
40.374340
106.331580
21.297869
64.025955
249.722827
56.477660
64.463711
15.152161
28.182770
56.298373
113.483160
23.444860
30.039878
24.235360
51.550877
4.717535
7.810666
11.850065
9.921304
82.616802
60.024676
335.775740
109.783032
106.767635
71.313948
0.000000
21.359201
7.966788
90.100589
27.404443
51.235247
13.597331
8.160784
26.414745
144.630236
287.972151
26.855689
40.198309
17.388848
340.161030
12.177236
1.721212
43.443498
128.896892
96.439763
48.054406
24.270930
49.853737
176.319543
25.246582
58.610906
25.958951
24.333352
26.453955
34.176510
53.782914
142.692422
5.990204
72.935669
84.372528
84.111115
60.335903
23.411047
160.985157
24.620575
68.260220
35.718760
5.669532
162.655245
92.588833
163.160164
38.137956
165.602075
14.426741
0.963920
11.022660
54.486252
16.990438
36.866781
25.370540
46.786479
404.515502
8.846100
20.393123
2.878917
0.000000
33.701566
113.760604
23.897119
52.568924
7.023864
166.225340
2.047534
30.433026
39.898958
18.468462
179.335907
18.243534
14.476955
33.810010
78.219874
258.724539
338.732452
7.412246
10.440313
35.318526
3.229680
0.084075
18.711180
28.146363
42.398680
211.016315
39.861203
364.694262
64.365454
48.185861
17.970010
194.326435
199.906009
417.262822
13.352590
88.956415
80.159687
158.725543
49.383538
56.490592
29.567505
39.581928
87.405679
61.074008
77.872697
11.675132
0.000000
27.004558
72.919746
18.880229
19.874076
14.574032
620.824828
387.043967
12.707865
9.843007
32.969655
2.666935
10.023337
35.974777
13.447680
47.626110
451.341573
121.514575
1.877888
36.906070
59.172890
269.086648
48.448183
50.521155
70.128660
159.468541
58.395932
193.589276
3.597534
22.210211
64.095667
304.749255
181.249420
33.592981
168.746519
73.464823
70.765262
34.321641
77.653412
0.000000
31.413712
12.408750
48.355234
239.493582
86.635762
366.641027
175.097753
246.783708
63.508453
175.404043
7.768541
299.188519
28.186478
345.818698
7.913949
108.597976
248.079386
39.010074
108.739821
20.380579
22.941951
8.522727
0.832871
19.781553
3.542323
142.885887
101.720412
63.475871
144.677866
75.943161
3.752961
93.844428
66.173788
50.944484
171.814804
4.675203
10.244607
15.856912
398.234651
5.074155
176.856304
9.508530
109.842601
152.746422
20.209900
10.350845
107.421934
13.359627
64.224158
401.042375
191.998779
62.835988
149.283810
198.218694
59.276279
94.220010
241.643971
34.852335
25.837852
16.244744
220.300045
35.789851
100.279234
357.825355
6.610778
11.282441
68.472560
173.928548
13.478865
153.020107
77.547776
36.697027
107.476929
64.942204
365.491239
7.028001
5.773386
86.718307
234.218660
44.068464
36.963914
31.253087
98.313596
0.802265
114.794151
221.330348
50.328611
26.784485
13.409292
259.521358
24.007890
108.652410
10.949419
109.693003
138.553612
21.441051
30.103396
46.092405
26.357185
12.734147
128.510634
95.667294
210.898871
130.160969
31.200530
405.907814
34.276839
11.228186
81.072747
41.808956
41.513207
375.207722
139.571981
22.872105
48.245229
54.794406
6.143101
4.768272
321.238758
200.214228
4.576035
425.952218
82.466950
202.617124
68.702793
0.201188
58.474990
264.574734
45.043550
3.449619
217.304825
112.433883
29.374653
0.000000
49.967073
43.595810
113.389718
178.881894
305.980566
68.379543
429.376452
99.218772
493.963650
294.646304
51.963690
346.707450
1.358090
97.654450
23.515303
13.150262
123.584912
141.774510
171.836070
70.422564
114.072099
102.836449
1.480260
24.174961
12.130073
160.634231
35.443999
7.967362
148.191273
7.108233
508.355143
52.585484
48.754480
52.667158
93.199093
76.070840
128.064947
300.841302
21.378061
6.965893
172.343693
33.822929
2.520952
161.043249
209.774667
176.390268
110.637429
10.594888
175.024333
15.234985
217.190095
39.250030
179.168922
117.377782
120.051793
41.464235
1.250300
7.200597
62.135215
228.948173
682.402398
9.006297
553.288317
176.488941
27.077812
723.859053
103.258061
61.654553
259.116869
227.618556
83.908214
31.636065
0.019769
23.416077
53.160010
63.754332
21.623797
11.014786
202.231193
25.566867
144.216590
10.685655
160.385748
15.112986
85.810705
173.270577
31.305147
41.668807
56.000243
78.655515
301.748866
122.138199
163.058363
23.023187
5.196975
79.622406
127.603705
188.143887
204.986815
62.417740
26.718106
0.000000
43.244390
22.765913
96.347903
208.942611
161.889931
116.292753
29.613439
41.081886
230.441637
264.292069
36.933504
153.994644
48.127478
60.469328
12.661930
59.928328
152.368888
303.145361
98.663211
87.009891
553.633371
0.000000
477.804971
96.296665
205.873253
194.817895
115.758758
93.303879
81.698261
29.352098
24.103931
72.282998
61.787876
1.294821
54.902805
103.118808
80.351675
41.876695
68.163814
10.864027
34.765803
5.042728
223.583519
38.920786
224.222795
384.225039
103.309537
119.178844
93.428965
719.564063
28.227585
105.203860
48.648581
28.344519
149.131743
213.578020
0.000000
316.581795
61.499987
111.967220
4.035514
109.373616
50.289417
3.872477
21.267348
40.300961
45.403360
77.061460
47.553844
0.000000
2.449650
20.531046
79.412122
28.036867
17.693007
17.590912
22.737498
29.342578
110.101839
123.613846
32.147299
5.733444
151.764061
149.726128
68.836478
49.502561
145.783206
222.164191
268.701548
37.301756
29.339785
27.129915
35.922634
8.210627
138.921834
0.984267
38.882396
110.702460
304.298408
112.324812
125.817077
154.674919
167.320859
27.786205
44.111650
0.898337
15.361032
233.813210
138.895785
52.201734
14.123507
6.033926
11.644778
37.268823
94.865666
235.820332
72.965132
48.353420
0.846760
62.464330
17.278915
10.530421
87.231545
103.661157
89.473217
146.168585
32.900421
191.742249
210.166388
28.950800
30.774970
52.776180
18.597956
36.638960
65.717599
22.707017
4.712571
44.243914
53.820067
15.705148
30.146747
2.647861
31.284953
29.757007
0.000000
122.874086
229.498838
268.924303
43.440294
67.799878
18.279229
22.578017
0.000000
87.468761
54.884900
47.674807
19.808297
108.340427
35.984248
54.585440
92.481281
2.909299
172.758546
113.662051
84.187558
21.058598
12.881905
85.168623
3.477997
463.506982
17.125605
120.310535
164.121528
58.501727
63.793531
33.829066
16.446357
7.294965
71.198298
406.633428
201.887627
22.180436
197.934055
191.004304
169.252374
35.048826
175.621589
85.153843
83.009072
83.373484
11.375117
62.200534
36.183427
93.843200
13.002394
3.883684
149.214904
297.744944
71.099799
296.263564
160.666635
66.833183
128.297024
568.385212
30.699645
5.867075
111.829766
65.432717
121.366587
26.173062
16.465055
15.634149
125.514528
183.362663
518.915906
378.490607
10.661669
189.174571
53.181095
88.089050
43.357438
841.682200
4.725267
465.742115
182.062002
69.088984
36.967600
30.240105
204.701399
23.111255
378.408077
16.627580
8.383073
56.419340
79.797372
47.037862
25.208342
52.158724
67.422174
16.408309
28.436153
46.697155
71.964603
302.692680
13.100313
175.430351
2.719931
250.871179
175.821794
23.787816
17.691863
50.599942
51.892447
111.041762
2.520645
90.463150
14.830753
16.711557
51.801133
81.120748
51.470192
0.000000
31.340052
62.517355
208.468248
172.679303
4.632895
27.060678
9.390745
341.611163
212.829194
9.799678
61.761389
290.893717
67.567370
216.889164
5.373163
197.030094
26.711372
67.620774
122.330531
122.184750
111.867798
10.316119
79.252656
0.438590
62.300527
144.709369
563.716567
1.471933
34.191877
303.509091
227.108964
96.881323
58.447539
47.264590
155.396226
561.389660
781.692749
16.393005
272.783256
116.236977
30.146747
354.490036
360.718543
33.387378
356.709873
15.113469
46.498417
5.897578
77.233986
206.677139
14.868706
57.361397
84.448854
116.473900
152.647003
154.304978
0.394868
50.662949
30.764279
170.575891
26.855400
32.612932
210.882986
4.001285
18.106104
23.728504
74.866368
99.964635
29.533569
51.508870
17.527931
11.549360
4.663039
0.000000
5.769905
107.258383
33.669747
16.429272
198.606667
17.207599
34.755882
4.545570
9.950143
7.539654
9.651231
0.898337
408.824647
113.089386
123.983594
206.288498
196.245653
37.895879
219.381546
90.158884
316.010309
11.093941
6.883523
41.594531
145.544714
78.910957
92.752075
83.625694
24.098860
19.882509
285.414786
35.354735
132.547576
122.640613
11.093941
22.715019
147.410214
3.443853
122.605779
4.211545
227.209368
157.933245
30.715423
275.178053
18.194734
106.541798
24.387627
47.501348
47.114068
223.899625
10.448902
3.894298
118.001032
1.639714
66.512390
214.751553
357.842466
72.626009
0.353332
71.260510
26.136502
20.420053
18.006860
52.454321
229.039934
162.725056
231.042077
237.078564
0.896268
120.078698
71.283859
180.351444
219.203657
380.816314
20.486670
0.710478
259.084829
5.954889
137.013000
107.982770
178.212155
10.164817
45.823994
46.548028
139.677394
14.090647
49.372375
148.166099
4.211545
3.672775
176.597834
12.019376
233.026283
3.952359
124.698319
1.857009
80.579496
9.945920
48.426293
38.234638
30.531545
21.886688
102.395775
8.183976
222.345120
42.807027
37.645396
37.911727
1.136622
87.297585
103.234780
8.872668
26.804500
696.841486
334.485986
136.231506
25.173438
23.032168
29.564843
50.381065
3.926156
26.464761
81.386340
18.756275
75.789571
224.078616
7.184227
4.074538
65.198102
59.217907
55.923091
460.528243
30.127532
177.500577
57.000844
43.614031
71.984464
92.796047
55.593483
70.182286
80.276996
111.030497
451.021502
122.161192
44.511102
9.697026
17.187314
13.322521
123.321082
7.662468
55.767604
341.662408
332.451922
343.369812
4.183210
64.252254
170.645161
11.799971
117.538915
196.106935
86.346148
136.445238
171.151858
662.842100
76.219449
274.098539
213.815721
119.298240
91.596911
17.050500
16.447486
102.314454
88.192604
174.985608
171.664148
22.900924
61.877096
50.098694
3.799729
92.240925
4.996148
207.710041
0.000000
352.059162
172.930008
25.967208
47.152132
45.590998
119.474676
52.153822
122.350003
242.358229
172.467340
134.913724
49.065607
184.629811
63.303188
207.822795
49.048733
72.353360
35.952299
0.000000
4.957041
250.794788
90.483726
254.698622
134.392717
212.908803
126.157212
319.630007
188.297780
58.249938
14.448288
25.388464
102.329534
37.764409
127.196915
8.024090
36.118945
86.037297
51.829459
166.153119
180.087053
153.860529
49.835149
2.276949
48.334860
251.660617
265.705937
41.390715
33.433629
140.658901
0.000000
121.204773
201.452749
20.482042
134.094715
496.039216
183.987355
88.958426
7.242742
137.476478
172.523095
172.731758
14.360423
7.854198
28.414292
31.705523
47.009672
0.449838
0.000000
162.360465
23.354361
38.198255
169.793395
223.443691
142.653494
85.734742
89.345305
79.050691
40.793296
8.779231
25.861555
331.192418
0.920198
21.782587
134.127211
121.372832
192.979796
83.288733
41.429800
58.791291
15.997963
43.983983
72.337796
118.442106
1.881425
102.737179
3.556911
233.100400
40.891209
105.485289
20.645510
289.172266
168.771601
37.530413
211.376799
80.772658
86.422666
117.617019
91.205537
65.511464
259.225465
766.483665
535.710886
699.068183
20.006022
53.212083
17.322170
725.337982
1.135108
98.639173
14.135604
92.048890
101.642286
115.828597
102.878673
4.861087
70.600747
78.198243
160.057303
7.288486
20.789500
282.820646
373.668629
228.659688
77.630068
103.867648
21.047357
175.412951
1.086382
86.978722
43.555724
44.970751
157.006669
238.547472
45.449202
16.973781
37.717553
369.599049
270.380463
7.918561
13.294675
62.356920
77.947741
7.433224
29.779094
108.504435
79.962574
26.369215
148.387810
198.711881
191.486581
50.237720
3.893107
46.631837
64.709604
22.292050
172.145612
108.573597
129.765988
48.925655
6.863565
148.757268
33.267119
76.945707
6.936560
68.091351
62.118412
73.463010
243.834723
37.696184
22.033598
90.077073
257.373561
104.293065
51.668964
122.446281
35.436397
272.669175
171.140468
130.566010
32.014935
197.362012
4.320906
132.914703
204.950386
535.003270
191.207692
22.022114
192.264567
81.380029
271.997534
119.736566
351.520614
26.276325
24.046162
80.535695
175.705758
15.266553
35.524326
1.170604
147.467583
66.346183
0.508863
39.671048
126.412038
28.063049
4.108308
125.737339
118.748530
202.399742
44.014801
14.101008
35.341194
14.050738
7.354964
208.889938
80.296352
14.214619
96.414009
15.803807
38.048511
304.976250
41.423876
160.863543
74.008678
50.268923
129.347837
30.875947
36.135309
102.717583
65.260384
342.952263
9.737223
11.989135
19.347340
433.813990
99.016191
134.709733
142.158094
9.905325
7.820091
126.988744
55.772543
28.380363
149.349318
70.393696
244.151472
4.916683
19.549325
0.000000
47.975385
166.761680
74.062735
4.572444
154.414103
41.400151
180.631524
217.135273
277.323815
0.000000
293.341675
262.865802
52.846250
11.093941
0.000000
48.148259
24.327059
58.406267
117.689078
13.237645
13.469225
135.623543
100.806742
165.047898
15.202881
59.007790
48.652051
71.948755
437.439114
172.563048
129.332180
184.076346
278.993461
21.426604
24.585435
101.373803
191.259356
18.138542
54.430534
29.373300
126.832934
3.643974
444.741931
50.662532
18.021576
87.073961
33.003814
117.678679
340.065161
182.040588
12.762850
42.636766
41.124297
7.390600
320.381726
34.558025
200.982174
6.535161
101.707964
421.643130
44.857807
35.437826
758.864110
245.588364
301.338062
44.695277
251.168600
363.394943
43.357031
331.326388
273.446687
120.293983
25.449210
31.107223
37.462921
229.902093
208.812875
0.097622
38.448476
35.390483
281.776878
248.977161
71.231396
30.146747
233.154707
161.255060
82.144202
0.000000
294.311612
18.409109
109.310844
61.491013
50.631137
13.555572
123.431031
113.538685
1.086382
287.759804
1.135626
54.027798
3.255427
1.790875
17.246308
193.415690
26.882570
430.514694
131.676382
160.283491
17.007762
13.439460
14.274509
7.375517
5.828250
46.995731
141.209164
137.245689
82.484388
109.597243
30.623688
18.144181
431.776228
3.672775
0.000000
94.043856
28.699070
302.347781
59.489844
182.888491
23.153937
95.421631
224.187359
10.903341
86.225388
37.429896
479.314124
275.567370
57.440278
66.010189
29.795929
59.812908
9.736489
25.277119
74.827919
374.601001
133.366977
82.840280
174.570539
10.598042
211.714529
163.078219
81.833420
353.062547
379.156630
3.438397
23.753705
5.165499
113.587037
103.860550
10.924037
38.671632
5.540992
105.940435
198.551840
78.142356
38.758432
13.174318
71.829878
0.975167
63.587624
37.380275
145.561873
47.118274
34.342622
494.173945
203.455306
237.817339
17.700318
243.260142
110.823353
210.815845
422.985892
11.286456
30.520525
1.586090
143.582758
220.860957
47.471863
88.940222
116.782648
2.257546
177.207188
28.833691
37.337721
43.367500
217.875059
79.370658
31.051982
470.857280
140.778134
150.324321
516.122791
252.654231
11.051747
7.463266
64.007929
66.397594
66.092421
31.705014
45.510911
419.914747
19.386493
63.563389
108.082264
60.122811
56.353066
54.088486
411.708495
180.067048
109.647522
134.329273
52.944710
22.967432
9.204243
6.694050
0.000000
47.313508
78.818661
413.436795
29.256011
24.711157
187.422345
253.786528
221.406104
27.327959
4.572444
98.533529
667.349851
67.542698
364.689600
17.386688
26.831598
55.197925
36.467436
9.005597
26.191225
21.115860
482.233985
76.592939
68.472359
205.127419
105.658491
391.327491
44.781142
36.928704
132.399839
31.864123
23.114930
127.970924
190.423253
163.336630
39.112017
193.509489
111.113190
22.706122
156.113147
95.289856
10.436174
6.005042
5.696400
57.610611
232.642643
259.600689
112.305750
17.452700
13.616187
55.545795
60.856447
208.398873
459.456867
72.889331
192.638458
29.374848
66.172871
31.012850
0.000000
76.064099
238.015841
38.583179
198.732783
0.984267
0.000000
54.892824
89.179117
55.110915
51.261728
91.902116
68.621149
232.932276
0.992340
73.296915
88.578064
60.345279
186.080950
5.125677
157.438148
179.896875
2.211517
51.851312
0.000000
84.857078
40.691630
124.955239
20.633711
130.057621
20.318377
23.174568
300.044849
63.055292
0.000000
173.261409
161.102000
119.986973
62.508268
0.000000
131.716752
363.129986
41.862719
11.534556
86.962167
125.610601
172.179828
49.959723
233.774189
69.487407
716.526675
67.739436
70.980379
229.337699
188.411456
0.000000
4.664028
276.383140
36.138773
70.555963
237.558547
112.209853
18.703473
98.160653
123.406989
15.735432
27.297322
43.778916
8.518144
33.812600
223.858038
60.277205
4.766679
140.108804
11.069683
47.856020
31.631478
70.432936
20.093613
629.046416
115.550056
95.588043
487.302794
505.634101
0.599574
135.606781
0.000000
109.223511
117.807259
67.806003
38.184544
64.767655
16.891546
495.056650
49.580472
169.193137
11.172354
117.036906
35.086580
13.526860
107.439758
25.453006
178.629177
117.962786
315.425022
112.834374
177.511548
166.171572
0.000000
20.925990
116.592602
49.603231
4.339790
18.886899
63.927187
137.391182
0.920220
9.531224
253.720506
56.880899
367.145369
114.161156
104.962909
19.165529
171.918296
0.000000
66.989475
839.924468
31.901145
232.015962
130.510410
555.713014
20.992643
100.909321
90.104058
89.355984
158.030087
102.129680
17.120107
16.626511
110.588845
182.393213
120.687901
58.378956
126.801336
110.943678
38.973665
17.034111
46.371998
326.552222
50.801344
234.050553
35.780328
297.879106
458.180690
23.337065
6.457871
245.537340
158.017210
28.266562
21.574205
135.127570
209.148781
6.032920
186.509187
23.979313
2.936056
104.137160
366.328905
95.019479
52.087731
21.660047
63.448002
67.082845
40.466830
51.601800
23.034031
98.985219
39.219256
4.842240
34.365684
39.172995
12.737849
196.011536
7.209967
43.174004
46.830187
125.515842
13.228480
242.546887
605.735668
292.966428
197.754536
91.230483
252.188307
107.972290
50.065566
94.113744
435.085035
25.266168
74.902879
213.443018
393.253555
33.478218
244.895690
25.683410
58.160686
19.033526
7.412246
237.398145
27.306792
17.983380
250.470806
73.018574
3.651759
130.071733
396.902586
58.745801
104.926851
168.796872
252.022308
18.182479
47.967593
4.802111
74.702479
536.765760
109.564745
36.209612
7.771570
199.093149
834.809542
72.950195
193.675620
240.594415
473.085265
50.050549
104.010867
13.464926
158.500279
1.005316
12.386631
0.098703
0.287749
76.159722
90.153722
528.083399
155.627339
18.168145
323.936329
5.998948
11.788168
8.527975
70.137944
86.955474
12.786972
202.498438
203.363496
159.505192
49.121717
134.783230
1.220884
95.755791
42.491802
151.159090
56.660148
20.581137
59.166896
33.467076
48.485275
26.340361
123.170314
79.629836
97.262702
140.957290
146.701128
103.091960
58.954264
60.857061
9.781074
90.866567
107.855305
13.258945
45.339228
220.178005
21.056330
79.173109
63.810191
47.323010
12.648256
162.470101
92.108626
102.758178
145.423458
446.306125
25.136405
169.374650
76.062281
42.593737
71.623946
45.436782
86.520236
88.829850
56.958901
86.350677
68.524468
82.808628
44.794721
65.792172
23.103672
43.115421
217.110935
20.549668
18.569186
9.748570
51.481186
55.876375
11.941229
15.046486
412.432858
16.059398
358.110479
17.507379
267.981470
32.832719
2.244694
39.820512
140.008621
45.977313
123.741264
80.956717
208.499593
51.530803
41.563099
21.328265
19.705878
134.882801
6.390248
27.190679
43.056861
21.946505
129.172330
48.353275
5.000088
9.309594
111.315978
656.086813
0.000000
41.892547
10.777532
401.858273
63.103859
13.220710
76.399888
6.188827
8.782420
12.719417
63.520517
79.256762
20.707045
58.277276
4.608443
0.000000
50.031393
27.686272
52.569432
36.765918
62.012541
24.575084
52.180149
508.788238
8.021212
620.786333
10.652508
167.031864
29.138657
4.141644
15.242192
123.241663
8.446745
25.481602
139.898325
28.387580
30.297226
11.688256
473.404157
473.254309
20.345262
12.715385
1.501919
58.299416
159.644456
210.304939
122.885433
580.120899
367.293890
210.111286
31.294109
28.232143
18.500412
34.351719
395.185310
0.283982
115.149380
174.208074
17.598099
5.006574
24.702000
39.216897
17.338338
64.624033
40.435980
9.858124
89.202011
41.293243
624.450975
45.885949
167.435008
34.716446
39.543412
9.256706
22.126212
398.941979
19.715600
109.158416
7.134613
0.000000
33.964503
78.247031
50.319923
8.171669
40.518634
175.159970
51.940354
41.512421
56.728795
5.492913
10.812509
52.214761
23.944787
2.149114
479.040392
433.543129
127.114577
111.661502
14.988233
96.655970
234.713254
71.579220
17.993290
130.672879
11.981864
189.144231
100.311182
1.552305
9.255866
3.261738
49.880698
162.850915
55.176116
177.249895
22.383840
71.396637
10.417915
82.528818
292.325917
56.408130
41.339748
399.952018
272.524758
17.057579
197.142607
39.851347
98.631326
13.770778
11.213614
59.868588
213.640878
62.886671
171.523428
7.979728
153.873238
85.287356
248.558811
340.942503
181.332549
46.496402
47.491273
241.350774
35.007194
36.646343
69.983585
121.818541
32.710398
176.193530
74.653548
96.109768
262.310336
509.384173
30.127066
189.868933
363.467776
183.624012
5.211506
75.605099
440.495574
59.199459
18.590246
209.599086
141.254023
30.993309
99.256572
326.378113
162.829811
58.431603
123.554903
95.825912
205.224893
38.927679
195.582987
9.719220
46.146787
0.000000
8.811959
170.688029
89.401781
28.448529
52.572849
48.481176
48.910194
72.065268
141.543602
9.508530
49.046955
56.032697
159.669901
60.657878
161.522184
4.608443
43.639784
79.244237
24.516613
15.217540
112.921005
156.328076
129.072450
301.518329
20.262202
1.086382
491.206588
147.844011
612.749615
78.540585
336.702387
143.350367
111.532137
41.951940
8.455120
65.002945
45.402729
98.886032
151.646029
94.793109
35.672646
37.302101
111.108388
185.024714
837.005691
20.885143
51.319392
31.636495
61.969300
98.811114
163.408596
21.734291
78.212211
409.844651
369.281403
31.398617
480.924379
100.105099
15.560607
102.198327
3.456968
40.522876
34.879119
54.990427
44.226831
200.320838
120.350457
268.588707
60.317255
144.159992
58.414997
161.900461
18.462286
78.010446
194.115472
9.713153
23.154166
210.882986
41.159064
51.749696
24.533369
81.922823
28.647902
153.063716
17.552408
19.639940
52.930548
95.220300
18.134168
64.390271
10.317205
59.603033
103.530592
224.259836
250.590872
11.003036
25.064433
23.737317
31.970786
10.023337
62.350333
354.952790
80.275944
8.567566
13.116904
84.832656
164.797413
73.506977
30.624401
51.107248
86.937202
55.932968
343.699190
219.905303
0.000000
37.298869
304.545848
291.040834
221.784428
127.847016
31.695228
439.316902
264.337163
21.823693
54.113211
43.680477
5.919069
65.853492
219.477768
46.072908
29.564808
60.593290
78.584841
92.546866
9.574055
489.413610
98.675169
4.085794
18.261758
94.277806
85.688416
4.165485
33.777818
238.231998
72.709790
259.891364
5.628478
52.260630
27.223749
172.820713
425.054563
118.179632
32.369272
124.372654
100.530681
10.394502
554.319954
452.063715
131.717790
0.000000
24.987065
1.201542
36.400764
17.340990
60.447149
4.141644
125.346948
7.741391
19.353032
74.054163
216.808827
16.894948
68.428525
73.295491
28.289058
111.188852
97.277703
9.820830
111.683841
189.511772
275.244764
17.527925
273.782255
33.810896
161.922065
112.910093
0.503108
54.585317
341.356496
274.657419
496.623926
152.469095
11.406608
163.334200
398.091340
39.282318
276.464333
8.662660
108.294439
33.293003
144.660860
8.322718
119.676609
7.375517
11.283212
41.623590
15.451235
324.863090
19.303080
245.301778
368.814778
153.875071
36.652107
94.471453
53.893409
46.114569
613.686165
40.563106
69.559754
17.242614
204.446680
35.540941
58.214619
39.955563
330.473751
87.834533
96.565088
17.414710
163.909330
205.583916
95.964467
27.766575
44.187715
278.116990
369.080067
66.126059
215.999358
24.007537
18.644052
49.284588
55.326290
19.080995
21.994991
13.844758
112.763899
2.377610
22.766855
114.681339
101.820438
53.839922
111.101594
19.609019
115.799598
26.452864
558.972019
105.589253
189.265542
44.855397
31.050732
3.484216
26.721896
7.270714
22.454865
7.578604
105.528370
20.251631
69.686998
64.388174
83.117207
199.814384
194.808135
74.721631
45.049330
55.926290
33.555339
81.055011
170.715683
59.004025
173.911489
62.080593
93.115952
267.375779
662.429226
160.669259
55.303185
11.152212
261.294222
202.923241
143.564682
16.838834
49.697116
69.364234
591.390122
10.316027
102.489361
208.880188
45.488988
21.588749
155.598346
31.072540
20.894310
708.567772
709.063908
207.274570
123.525174
30.992333
83.790080
7.935954
16.148852
51.787005
153.180481
52.185443
2.129162
235.292462
182.942118
303.482369
10.995200
32.694005
227.983869
291.054820
34.343966
78.905127
86.857402
620.669866
82.276913
36.222468
179.702675
4.659604
213.369703
74.371968
42.585915
185.024715
10.320797
31.895243
21.264393
63.793009
115.462227
201.544684
2.390072
74.526682
230.531791
47.965721
107.417150
31.456829
251.571060
138.208764
222.270647
354.469184
8.125939
4.089274
109.213991
60.585280
163.742758
30.503286
28.571795
308.115114
9.588063
140.036435
52.204764
23.861195
61.685914
164.019826
26.429869
488.249168
23.841631
48.979920
23.414897
83.197782
341.146351
42.458728
33.783998
3.028559
237.087564
14.263306
152.261481
12.121413
0.000000
39.413083
36.739914
52.458557
12.344567
33.121485
124.600034
38.383503
27.259256
143.896278
29.536104
93.996967
88.336048
457.908938
128.469482
144.671531
26.353445
77.021410
162.826021
27.708509
15.715494
8.254961
177.858699
6.528889
101.650047
32.822765
290.874869
49.937788
78.229059
58.552684
168.883683
41.618353
25.469043
428.488662
64.656622
272.149612
47.038365
239.974990
111.462610
147.650649
276.102120
198.950888
94.306789
166.172243
164.282213
79.175514
265.279269
97.078144
96.598285
46.135828
115.587646
8.534388
3.142496
21.371438
178.053811
1.105929
134.928820
85.269082
244.551606
84.972322
18.987095
18.204328
227.710854
69.677638
107.895166
27.970862
105.866044
265.343788
179.860422
47.018764
112.576661
20.014568
11.884688
2.523529
49.381040
27.150153
31.490386
3.594694
242.757717
66.135652
217.754421
4.736098
99.530483
64.014581
14.941404
474.982549
23.096096
141.109718
642.883443
43.280539
30.106711
166.001463
14.592687
117.167091
5.912123
134.892427
134.381015
477.172805
124.688786
2.984626
52.791487
50.763351
60.094319
27.529149
48.929189
89.912115
55.630307
12.466001
6.204278
14.649430
31.958217
57.846744
313.545559
149.877999
238.605230
97.683502
126.993262
57.433692
66.840692
66.318329
5.066374
162.789267
68.045996
473.469395
35.788589
7.260248
49.638475
202.522683
55.593483
23.143918
67.185951
42.560448
4.070969
427.068166
378.693678
446.928389
278.411708
64.157418
10.559322
82.747055
38.597427
358.550348
84.444973
160.782694
74.211838
59.955824
30.573749
86.754947
138.207740
74.713101
112.931513
7.670376
31.757324
2.201463
26.792978
86.289046
23.602243
1.758704
30.815756
80.919568
259.874109
192.660870
175.180325
290.481352
67.238628
64.932375
223.281237
142.006642
9.804547
55.319926
6.234476
7.815872
147.274781
148.312859
2.119974
108.465972
31.919978
34.764558
83.672058
23.258048
51.684622
77.919009
204.559085
53.712215
77.053714
24.012852
160.559772
1.154227
73.382629
128.337633
61.388401
104.482291
9.251619
74.152983
50.392087
43.329864
30.653610
67.277514
62.376627
142.672868
49.435460
28.388869
57.625452
18.204328
176.454223
90.960382
321.319689
36.646216
29.611244
243.551783
61.768827
4.215765
68.334093
113.336663
515.777808
249.775155
137.112962
35.068151
15.910168
76.644391
112.420306
140.925192
22.010294
201.544348
150.848219
31.109366
35.517150
28.462104
215.724727
33.995251
154.092463
130.477795
2.111202
0.000000
158.032369
150.025853
142.716110
2.505826
23.309373
0.974967
0.000000
118.364142
189.508360
111.367420
89.522007
512.955840
197.181526
110.920178
21.217059
94.769231
81.490822
247.833307
164.446766
178.470218
30.664756
276.972021
60.321208
14.697649
11.842085
4.376026
4.663039
28.430777
173.193675
0.496550
1.358090
288.011191
4.089274
213.416098
6.450188
42.204864
